290

 707     169     711     404     903  



   918     785     321     899     460  

   380     120     753     623     867  

   756     322     696     952     836  

   22     780     67     521     2  

   566     372     983     800     724  

   351     620     470     46     183  

   489     47     366     132     127  

   93     86     129     343     599  

   118     410     966     280     73  

   786     811     318     878     525  

   605     551     950     731     661  

   210     755     597     140     603  

   72     31     933     103     831  

   531     614     639     123     109  

   815     789     854     897     262  

   477     285     637     770     953  

   575     263     739     630     198  

   721     992     11     683     364  

   114     175     13     97     593  

   256     401     848     791     45  

   154     91     454     653     843  

   881     555     580     967     258  

   922     758     300     235     794  

   769     224     335     236     14  

   535     29     728     5     658  

   53     890     805     165     828  

   385     225     136     295     373  

   412     751     172     54     891  

   927     170     25     448     502  

   832     177     549     654     87  

   260     325     187     473     451  

   607     673     124     60     334  

   188     682     44     6     69  

   713     787     846     663     666  

   244     496     763     993     961  

   367     668     740     17     715  

   133     126     407     196     622  

   219     398     588     498     909  

   110     134     337     806     205  

   757     248     265     534     722  

   949     887     117     200     681  

   257     547     427     886     62  

   361     716     1     860     326  

   50     679     32     915     855  

   944     920     255     562     839  

   541     421     452     102     252  

   572     510     176     956     76  

   893     676     164     273     980  

   797     600     139     291     1000  

   717     685     487     429     462  

   754     838     708     556     604  

   990     345     455     320     386  

   383     730     290     308     723  

   217     439     816     227     237  

   352     935     226     752     162  


   371     116     826     433     461  

   733     506     533     870     184