9990


-2449
-2848
4634
1701
2344
-4203
-4550
1216
-763
-118
362
3392
2837
4187
1441
3792
-364
-1198
3632
615
-931
-2180
-872
-3619
-2419
-273
-3048
-1172
1355
-4661
4533
4599
-3859
-3029
-702
2855
4119
630
-1544
-3779
1849
-4359
1521
-3311
2645
-2166
1335
2729
364
-1247
1847
1638
-1229
-1037
-3004
2068
779
791
-4466
1038
-3907
-2397
-4533
-3427
-4302
-3037
-4387
697
-3403
2067
-1017
3372
906
-4504
-1096
4729
-1602
2066
-1709
4770
-3295
3427
-4589
4473
3747
63
-3533
3617
-1674
455
3992
-423
-839
2615
-1075
1742
1245
-4078
-99
-3878
-1753
-2578
-2161
4481
1676
-4035
-3025
-4274
-2511
415
498
-3214
-1327
2131
-926
-1731
-2802
-3695
2833
301
2791
2444
3851
-1753
1135
370
3571
-4983
585
604
-1006
-329
2256
-1612
3468
359
-3072
3553
-1815
-2291
300
2519
-701
-4438
-4944
4141
1828
-272
-2459
-4547
-4080
4771
-4796
-451
2349
366
-160
4126
1529
-3832
-4213
1695
-2973
1134
-4582
80
-1
-1787
-436
2665
187
3196
-73
3014
664
3149
-3441
-1488
-2403
-1518
631
824
1019
1914
-372
2227
4974
3065
996
160
-3230
-3310
2352
-3896
-4716
1579
-744
2242
-239
-4644
-528
-283
1035
-1256
-912
824
-1387
-3721
3158
-701
-880
2528
-3229
2147
-2053
-3386
-2505
3769
-812
-723
-2001
1648
4097
-3552
-2882
3890
-4033
774
2390
-3653
-1488
-3940
2664
-2526
-3670
-882
753
-1141
1502
3101
37
1851
-697
4977
-363
-479
4056
1931
4937
2652
-2104
2373
-2396
2923
-1400
2108
-4381
2569
2222
391
-3879
4384
4879
-1761
2138
-2884
-3770
3008
2967
2458
-4167
-3821
252
-857
3350
2997
-2062
4963
-4724
570
1234
-2516
4260
2247
4513
1675
2793
4758
-3118
3431
3037
-868
4997
-651
-1857
-4215
2386
-2232
-2045
-3936
4207
-3303
4897
-1641
-3408
2443
-3764
3336
-2208
4201
-2701
1773
4350
602
-3610
-1314
-176
-2049
-259
3292
299
1308
307
-2803
-4401
1614
-3277
-3260
3004
3206
992
4941
-2155
-4331
-4534
-2351
-1783
3195
1311
-1209
405
3321
-4008
1643
-1649
3745
3594
-1245
4158
-4758
-1191
1438
-394
2687
3404
1210
4424
1068
-2354
-1894
-256
-3261
-744
4921
-4827
1183
-3594
2458
-3810
-4179
-4428
2326
-2706
-1452
-2765
-3850
-96
1151
-3587
-4704
-1252
1264
-850
-620
2773
1044
1494
2833
4330
-4508
-3766
3428
2320
1890
3250
2932
1461
2030
980
3284
498
1432
1625
-1286
4731
1076
-4563
2720
-3043
-2442
4180
3898
3482
-1064
3116
4028
-2948
2460
-1267
729
-572
-3077
2294
1904
-4377
-1806
-1990
3337
564
-4106
-1640
4288
4448
-4986
2341
-825
224
-4739
-738
3915
-4523
-561
4802
-2743
1922
1306
4718
-3657
2921
1737
-1112
3925
-3413
-879
4091
2118
3790
-2609
-957
2052
2100
1318
-2917
-3588
4206
-485
3274
4477
-4003
4916
2188
356
2065
-4760
1695
-1574
2052
4746
2008
2340
-1018
359
-28
3336
3809
-2760
584
-1265
-3286
1357
-379
-2661
-346
-4121
-1424
-4351
-1703
2651
1602
-567
158
869
-2416
-3876
548
-3514
1127
656
-289
1230
482
-642
620
1994
-2376
-4850
3095
-2912
973
-1954
-510
-3291
-4720
645
-2786
1384
-2580
-4685
1679
-3333
95
3959
-1625
4559
-1386
3295
3879
-3028
-592
293
-688
-2678
-4173
4824
1193
2944
-3922
2747
-2388
-454
4065
3145
2086
787
-3631
4285
1343
-1913
-3150
-2208
-2115
-2371
-2033
2969
2506
920
-3843
700
-3828
1446
4168
-943
862
-462
-46
-2851
2458
4092
1705
-765
-1571
2273
1526
1334
-830
-3806
1230
365
697
2305
-1207
4508
-4095
571
-4004
-3742
3375
759
-2041
2323
290
1737
-4306
-3940
-2330
-4056
3814
-4891
-2237
-3762
-3177
3711
-525
-3208
-4317
3943
3845
2170
-2388
1177
-356
-4554
-4805
-4037
1186
-2342
-2571
4164
2771
-1671
-864
2094
-1408
783
-4397
-2606
3472
4806
904
3807
4100
1403
-3151
965
-738
-2785
4742
4955
-888
2447
-2951
710
-2140
170
-1279
-511
4650
-1812
-1998
184
-4695
1596
1812
2398
4477
4002
-2627
1705
-4318
-4492
-3526
3690
1730
-1565
-527
2850
-3612
-4082
-2617
4722
83
2159
-4882
3687
4902
-23
4935
1991
3895
2641
4583
-1043
3823
3765
-577
1831
-2475
-2717
4264
1992
-4855
-4678
-3966
-993
-3615
1118
4997
-185
-3382
4043
4383
-43
304
-2753
4625
4330
4040
-98
-4903
1673
-1451
-2694
2555
-1405
-3449
-4043
3829
312
-1592
-4240
-327
-1355
2572
-329
-452
-4148
-3729
4877
-4571
4561
4963
3186
-1154
-105
725
-3148
-4817
2752
642
1421
-3175
-3896
-12
-3641
1426
181
90
3782
2512
1540
1005
-13
-194
-3858
1324
4871
3843
2358
-4158
-1529
4158
-4620
-117
-647
-2896
1722
-4537
-2729
-1975
-1604
1712
2614
2838
4775
832
890
4200
-434
3307
2021
-2737
838
-727
-1114
4702
-710
-2517
3441
293
1554
233
4093
944
279
-4167
667
3902
-4075
-881
3573
4300
-4341
2164
1512
-750
-48
-648
-2041
-4792
2202
110
2759
1991
3793
-3583
-3506
-664
1110
-2968
-3644
-4240
2162
-4374
728
2071
-2686
4341
-708
823
-1626
4121
459
3795
3314
627
3473
-2769
-382
3520
3685
-2695
829
-899
-1140
1266
-1402
161
-4702
-3262
3521
-2140
1489
-2050
2980
3644
3090
513
3692
-120
2014
-1922
-4397
-2091
3800
1221
-2476
-1991
-88
2882
-3191
3106
816
-4019
-3431
-1490
-1945
-2178
3842
-1286
1189
4016
-1062
-1005
-3005
-1094
4415
-675
-4178
-2170
-688
-29
324
417
-1083
-2447
-1662
2791
4476
1252
3085
1350
-3476
-1343
1461
1933
-2130
2846
1135
-361
852
1930
2525
1046
-1596
-4369
-4925
-3322
755
159
-253
-4378
-3206
-4238
-4610
-4102
429
-2059
3619
2121
281
866
1497
3067
3462
-1064
-2543
4011
-1545
-840
2864
-4766
-4544
1292
-3215
-3251
3292
-4008
-4553
4365
58
2432
-853
3603
-2621
11
3608
3408
-3069
-2647
4616
2922
896
-4554
4305
-418
1068
-510
3996
-4510
859
-802
3730
-3480
1346
-2982
2988
491
19
1513
1959
-3456
4553
-1303
3439
-2200
4519
1380
-3971
-4536
4394
2243
-434
-3283
-928
2411
-3300
-3025
-636
-1279
2204
2415
-2860
1962
1517
1019
4463
-2842
-195
-4528
-4992
2520
-2217
-1483
1406
736
-1953
4399
3796
2982
-1485
4158
2456
1392
1321
-300
4228
4634
-931
-4447
-493
-578
1917
-261
-3987
2173
52
4943
589
2601
-1690
-4302
-2358
-4355
1244
-2021
-1452
2844
2509
804
-1724
4519
-1886
-226
-4156
742
-4821
1598
1535
2837
3115
1696
4912
-1180
1069
3058
4718
4446
-34
1547
2816
3234
1492
774
3549
-3478
4297
849
-4412
3221
1832
-2772
1818
-3974
53
1030
-1022
-4550
4173
-4832
660
1524
82
-3688
1130
4580
-1070
3636
-2340
3047
-3690
3227
724
-1665
-3142
-1509
1023
1883
3983
3386
-2270
954
1797
3426
2014
958
1870
-1615
22
4727
2167
-4816
2330
2916
-4052
1590
-393
-3103
2587
3923
738
-749
523
-2973
-2042
4878
4756
-3431
1814
1267
2248
3304
700
2939
-4329
-1662
-3552
1215
3401
-3503
4202
-145
1344
-3347
4604
-1924
573
-4923
-3059
-1535
2906
166
-2595
-1858
2349
-4874
1295
63
-2539
-2667
4687
4471
4632
-904
323
-4105
-2668
-123
-2670
3999
-745
938
-201
1241
-3828
-4674
193
1128
1455
-4192
-1204
1162
-4930
2229
29
1459
-3094
2462
4030
4938
-676
-626
4118
-2253
-2729
900
-2443
-824
-3707
-4071
4127
-1052
4137
-1619
2512
4312
-4687
-2714
-712
-1277
-739
-603
-3794
-1897
-371
-3252
-2781
2543
4969
-2950
4252
-2844
4346
1198
3700
1698
1899
-4237
849
4060
1367
2542
-4643
-142
-3602
-4917
-10
-634
-4848
840
1225
-4842
-2491
810
2317
-4055
4976
-2866
-3763
1061
2354
2169
-3935
-1729
3110
-4518
2177
4943
2296
-885
-1970
3240
2140
-4838
-1826
309
3139
-3582
-4211
1623
-4762
1400
-2069
44
2839
-1501
1360
3922
3271
-3717
-2035
2747
744
-4104
-4579
-4996
4298
664
4707
-2946
138
-1774
-2265
639
-4438
463
-2741
-796
-1916
1128
-2813
3230
678
-3411
-1092
-3503
-4362
-4617
3666
4227
2143
-3460
1077
2891
-908
-2785
-786
404
2458
4982
3920
-4447
3248
3448
-1049
-413
-670
-1393
-3148
2180
-4191
-3586
1950
-732
3140
-197
863
4085
-3144
4809
-385
1787
-4962
2226
-233
2575
1997
-3556
-535
3951
-1340
665
-112
2182
2566
4832
4005
-2900
4388
2140
3974
-2589
-1263
-1734
-3603
335
-3564
-41
-4479
1883
-649
54
-1489
-139
2277
1475
503
4814
-3609
-3365
-4364
537
-365
1666
-2005
2140
1447
217
1381
-3213
213
-2282
3582
3085
-3344
-4436
1091
-1159
-2878
-4764
-1801
2571
-3353
-4150
669
-3056
-3970
-1736
-4641
2947
-4460
2349
-3547
4985
-2973
-3053
2951
917
-794
3533
2250
-1462
4486
-4879
641
-1638
461
-4997
-924
359
1607
1323
-1616
156
-1334
-1588
4939
904
-4899
-3101
4248
2989
-2478
-4142
-3887
2500
980
-1218
4636
-397
2245
781
1399
3023
3428
3039
-1776
-3739
-3560
4301
2090
-1943
2088
-4924
-4193
-4283
481
-60
4278
-3822
-4112
-4753
3522
-3313
2726
1255
2212
2066
2890
-2154
2656
3697
-3390
47
4162
4251
3398
-3464
4083
-2976
4197
2665
3497
-4414
-970
-1758
4193
-1887
-3285
-2545
540
3567
1811
-3501
-1064
1192
1525
-3789
2359
3882
4533
-363
1804
-2181
-897
3597
-570
-4496
-4961
1774
-3712
1537
-4780
4294
-4124
2017
-1778
3992
3315
-2678
-3678
-2924
-2981
3673
1026
2289
2525
4349
4645
-776
-714
918
461
4106
4536
-2142
3581
3677
3384
-4729
-4742
-2861
-2288
-3081
4722
1357
-3654
4334
1249
-2307
-1684
-3160
2601
-4491
3662
-4668
-2474
4386
-4937
-3969
-2763
2866
-3106
778
4331
995
1803
830
3386
-2749
-3689
216
-4573
3647
-4869
226
304
-3290
-221
-4537
-3555
-4117
-3793
985
-1695
4507
2034
180
-3682
2010
-3585
-4268
1719
1851
2357
-4089
1815
2870
-16
2812
2697
-3083
1754
2488
-2822
3415
-4626
857
4140
410
-133
-3275
228
-1267
-2958
2893
596
3928
1355
4822
-4342
-2747
1701
-843
-4941
-2336
561
2534
-2051
3341
-3973
3635
301
-277
-1808
2546
-2996
2744
-1719
3475
2210
-722
3144
-1178
-4208
1360
3608
-1000
1236
-4317
1039
3168
3950
-4531
941
-910
-1889
2029
-3832
3672
3509
4198
-996
-436
-1179
1454
374
-3725
2787
1023
2239
3355
-3775
862
2107
4638
-4164
3110
406
914
864
2032
-720
-3550
2157
1451
-4444
675
-4436
4924
3799
370
-3643
4908
4769
-2982
3941
4525
-3430
-1457
-381
-1887
-4193
-2775
1285
2340
-3297
-1496
-1403
-504
-4841
3012
-3307
197
-4354
-1734
-3868
3435
4899
-1689
-3681
3995
-4584
-3958
-1485
-2802
-679
2168
-1802
-4044
3058
459
-4185
-4995
1370
364
4743
-684
3172
3483
605
279
3070
4825
-3187
-4310
-3036
-3822
-1726
-2960
-235
-4818
-4854
935
-4150
83
-3647
3289
3862
-3139
3383
-3516
-1874
-4842
-2107
2934
-52
-403
-3629
2075
-319
3050
3682
-2942
-2410
-4100
-943
1147
-2568
1014
4927
-2270
3654
-2093
2487
103
-2983
4332
4581
-3081
1497
-2400
-1657
2395
1189
4874
757
-243
1213
-117
3906
4530
-4770
4932
-1388
713
-3034
4836
-385
-3528
-4731
-2448
-848
2645
959
1232
898
1094
-995
-2717
1199
1416
2155
-4497
4779
-1615
-4492
-3795
2278
2334
-1982
-4572
1279
-2068
295
-4739
2753
-1098
1167
509
1091
3443
-1994
-2148
3217
1709
-3707
-916
-1716
99
3900
2976
819
-1065
942
4414
-417
4228
-1125
1224
4915
-348
4499
3158
3968
2061
1796
-4625
1480
550
-1040
336
-468
4360
1727
4106
-3603
-2181
2168
4283
4475
2301
372
4677
-534
3458
-2006
1363
2496
-2775
3166
4009
-3035
-4220
2052
-3567
-4664
-611
-1997
-3590
4695
-4775
692
-1854
1100
-91
1086
3777
-3230
-2050
-4431
-815
4582
-2627
-4205
-514
2895
1524
-914
570
-2325
1836
2689
-4971
-660
-2734
-1951
482
4887
3959
1449
-108
1578
-4256
288
2800
2406
4110
2450
-1506
3443
4035
-4983
-841
980
4035
-2709
1123
2255
1410
325
2314
1866
-3783
-731
-3405
-1036
4893
4306
4730
-287
669
-3206
-3149
-1473
150
828
-3821
-2048
1895
827
2894
4599
2600
4391
338
-3390
4789
2339
-3332
-2642
-175
4253
-1414
1120
-2669
-1286
-3987
-2440
1802
3517
1841
-62
-2286
4355
4086
-3246
-3513
798
-4453
2382
4190
-3117
218
4560
3812
4763
-898
3958
3349
3944
4232
777
-461
-4288
-3681
-4662
-3711
-2962
-4040
2328
-1591
656
-4849
-3458
-4426
194
-275
1601
-2329
4555
3062
547
-376
2176
1878
-2787
-2841
2927
-3427
-367
-4296
4568
3544
-4923
-544
-1471
-2210
-2293
2353
4750
-1594
-2831
1675
1223
-643
4903
2822
-565
1560
-203
4299
1478
-1422
2836
1332
-1519
-4844
2090
-2116
670
3536
-1875
2766
-4769
-164
-3003
-2119
4494
-1030
360
-504
68
-3324
3009
3887
4097
-3787
-4782
-4188
-2759
-600
-1816
3952
-2998
-1967
517
3294
304
3652
-1547
-3026
-1221
-1354
1393
3016
1103
3866
4813
554
-2441
4125
-4791
1708
4534
3069
4016
-4869
4135
2760
2690
1869
2737
2622
-1319
-1243
-4910
876
573
4254
-2486
4751
-3463
-972
-1170
-691
-2456
4664
819
-4429
-3721
4908
-3682
-3625
2075
2544
-4081
-1153
-435
857
-4005
547
2379
-4570
3775
4640
2531
-2833
2741
-3814
1887
320
-4400
2848
-2555
-4076
1363
-3422
-3199
-4944
3003
-3938
2970
627
2018
-1887
-3513
1807
-4620
3834
-625
888
-744
-2892
-286
-1530
-444
-3202
449
1751
2571
-2090
27
3839
2077
-1853
-1189
699
-3840
3777
1492
479
362
-3252
2505
-4165
-4422
-88
-184
-4637
4404
1167
-3265
1728
2987
3346
-1495
4622
4459
-550
3129
2302
-483
-73
-814
1417
4111
-4035
-3351
-50
2913
1653
2283
2823
-4450
-3192
782
-2547
3516
-3712
-1868
2700
4641
-4006
-602
-583
-4784
-1083
4651
-4469
-2511
734
362
-2698
-2517
3591
1249
-1594
-4435
-1764
2585
1625
70
-1707
-3320
-99
-3015
1034
-2211
3005
239
-1672
-1941
-2005
-1827
4724
2377
3382
-1142
338
4262
4773
2598
228
-1043
2609
2200
-4389
-1676
4796
-834
-2592
4503
695
2937
4174
-3157
169
4428
-429
113
326
2629
3820
4337
-2873
2776
547
4311
1051
4801
-46
-2521
-3656
-4118
-585
-2295
-205
4541
1813
3852
3161
-4134
-3904
1788
3109
3093
522
113
-3736
-3325
3760
-4026
-3646
-4672
-2652
1568
-466
4712
4084
-2002
-662
-4346
3337
-973
2396
4893
-2668
-1808
1159
10
-3872
-2664
110
1310
-2185
-1901
107
360
-3436
4384
-3355
3771
4396
3949
1561
-4076
-607
3089
-2770
-2192
3972
-4334
-3109
1499
-4602
-1115
-3943
1172
1904
2330
-2168
2294
-1922
-3671
-1571
3160
2501
3531
-2700
895
1019
2747
-259
1470
3682
-1096
-3135
-1215
3545
23
4698
501
-2965
540
3166
1233
2583
-2340
1290
364
-3139
1694
-3740
-4448
2789
2691
-2019
2081
3990
-870
3611
2535
-2578
3350
2155
2631
2014
154
-4421
-3654
3449
4351
4303
2519
2921
-2877
3797
-3336
542
-4269
-3329
3816
2417
1141
-3138
366
4760
-4183
3636
4812
-3629
2196
4755
4611
4585
3811
-2084
-2214
2925
-3742
813
-4893
-2268
-1056
3287
1932
-2545
-2169
1302
-462
-3948
2819
3810
629
162
-4423
1476
-1381
-2766
2631
-4665
-2858
-427
-2615
3774
4318
-4199
3233
4169
-1388
695
3562
-4845
452
-281
476
-2291
1170
4069
-3393
-2126
207
-710
-452
4142
4866
964
-853
5
4747
2163
1420
3777
-3321
4556
-4550
1823
1941
-4446
-482
2909
-3094
-1994
1289
-4886
2635
2325
-935
3479
-3320
719
3871
1083
1550
-3516
2046
186
-1140
-1404
-2360
2991
946
-4675
1150
-3316
1135
-1329
-4386
-2138
-1987
1059
4943
-736
1043
3260
3729
-2048
882
759
-4978
2784
4075
-4746
3490
284
-707
1150
2872
-2872
-187
874
-565
-132
-4087
3809
-4396
-2044
-1689
-953
-4270
-2229
-1787
-4240
-398
-1942
-3403
4717
1378
4124
496
-3149
4362
-3294
-4379
-834
4230
824
830
359
2825
-60
4424
3323
1170
-2339
990
3635
4752
3129
2601
897
-547
669
891
-1606
-3371
3957
-3371
4444
-1994
1533
-3144
-2851
2644
4082
157
-4892
2157
-1757
-2380
-4101
4264
-1895
-3982
-1775
1323
4574
-611
-4755
217
3307
-3720
-974
-3967
-138
4815
2378
-855
-4964
1629
-4728
4915
-547
3848
-1018
4888
3871
1522
3372
2246
-983
-593
-4616
-4959
-3009
-4582
-785
-4093
-3163
1471
3541
-2019
-4208
4976
-3537
-2537
1635
3634
-2303
3818
-1726
-2513
3199
-2151
-1188
1026
-4824
-2456
1420
2232
886
-2060
2140
1881
-2355
3015
-850
-3570
-3240
4800
2684
-1720
-4484
-3067
2569
-67
3718
-4005
-1606
-37
3056
840
-1007
-950
211
-665
4223
-4976
2147
-361
3114
-4173
-2582
1724
-1498
-3851
-313
-2623
-3852
-623
2610
4120
-994
-1024
-2242
3568
1416
-1606
-2890
2475
-892
-2599
1528
-1112
-3719
4863
-1993
-1990
455
-2799
2049
-502
3190
-2198
-2127
871
-163
548
-2353
-972
-3621
-1527
-587
-240
1244
-4946
-4793
3415
-3905
-4628
-45
550
3989
-4370
-1432
-791
-2975
3876
-2509
-1376
-4149
497
3212
-2502
-4262
-2724
-866
3727
-1749
-3527
3796
1686
316
-3353
-3581
-3613
-1105
-1867
1544
-4607
2867
2747
-1566
-4667
4040
-757
-1952
-3774
-1585
-4911
2448
3838
-1939
4710
4280
3663
3044
-4972
-3860
-223
649
651
1270
-2081
-3113
-3017
-665
1458
2994
97
-3465
-4737
-592
3439
3308
724
2826
4126
4025
-3519
4496
182
-4207
-3214
1436
4697
-3272
3860
640
-450
-4339
-1208
-2673
-3206
4081
3482
-880
3878
1167
-3497
-3626
-4062
-1036
1376
3903
3314
3149
2087
-3617
2053
-4940
-1322
592
-4842
-2537
4502
-4381
2375
1112
1369
-4095
-637
3276
2352
1098
-1915
4097
-1767
-1391
-2651
-2391
-4463
2684
2785
1148
2480
2689
-1970
611
-3384
-1803
1020
1377
-1724
2776
-414
3767
3744
-1946
1294
-892
3463
3717
989
-3727
176
3220
-2244
-2356
2819
-322
-1996
2416
-4057
-3951
4649
-2413
454
-760
-2297
-4840
-2013
3371
408
-1476
582
1552
2893
17
-750
4027
2792
1083
2489
-147
2669
1138
617
3702
4687
-4404
1296
4814
2736
-3772
-1944
-3851
1679
-831
1420
1976
-4897
4529
-2306
-4241
-4690
1785
783
2461
-3387
-1890
-4877
-4900
2251
2307
2525
192
3867
2282
4187
985
335
3395
-4303
4024
2797
-4510
4752
4680
-4387
-284
4557
-3260
-3405
648
1587
-1407
-3060
189
-58
3507
1705
1363
-4167
-4163
-3023
-1302
-2693
-1493
3474
-2067
3523
-4141
-4508
-4693
-1723
4022
2089
4350
790
-694
657
-277
-270
440
1795
-1949
2390
4787
-1426
-4447
-158
463
1350
3486
848
-2900
-2663
3790
4471
1390
-3900
-778
2653
-4749
-36
944
3816
-895
-1177
613
4614
-1027
4983
-1148
-2909
-4618
-434
2370
-2529
-4277
3633
3336
-4867
-1069
-4972
-4376
3682
2336
-4284
3433
1420
3411
2691
-4864
-4854
374
4759
-2607
-1589
2292
-2326
240
2658
-2212
3796
-4957
-2630
-979
693
3250
4744
3302
224
4258
2300
1756
4452
649
3697
473
3133
-73
-2101
4074
1548
2440
-4707
-3378
4581
2165
-2762
3543
1964
-3431
828
2177
4429
-677
-4628
-798
2246
-1931
-4177
1934
-914
-2123
1541
-4612
-3352
2873
-1820
2194
-4319
3031
4043
605
3787
3829
678
-3791
-189
-130
-4305
4207
1849
-1151
2059
3911
-3763
-4164
462
233
967
-4575
1946
-67
-2931
-3696
4753
2495
1663
4752
-1645
1592
2224
-1286
-801
3675
2814
4517
4706
-3844
-3534
-63
-1687
572
214
164
-2913
4736
1651
1369
-2167
2353
-4233
-3306
-1507
1749
1301
-1725
-52
-1057
-769
32
-3714
-1037
3785
2461
4199
3496
-4129
619
-4271
1931
2541
3860
1205
-2860
1103
3934
2561
-902
2184
-667
644
652
2108
2347
-2991
-2979
-2009
-995
4105
1417
-1796
-3933
4712
-2192
-4542
3835
3227
-2397
-3417
2299
1120
-4631
-923
987
-3154
-260
-4505
4177
4399
-4276
-895
-4145
4992
-2506
328
-46
-3583
3972
-4795
1524
871
4175
1789
765
4008
963
40
4500
3602
3493
2368
-3577
-339
1032
3221
2707
2618
-4372
4309
-1889
-3648
2203
756
2063
2612
1920
3447
4509
-4256
325
2006
-2071
-3883
-4329
3730
2228
-852
4604
3930
-1941
2936
-3570
-239
-2755
3268
583
-2936
-1784
-1115
-3710
-807
-3785
-2049
1790
-1719
-3473
-4305
1311
-630
-3922
3619
-3347
3388
1930
2087
-989
-3260
3661
-2630
2818
-1951
-816
3490
-3959
-3183
4336
-1419
-310
-4422
-4984
-2430
-505
-3140
-3812
-2064
-2677
3110
-3978
2604
-1800
4012
-4008
-3693
-2923
-2812
4207
4485
3805
1522
2292
-2383
-1524
-3458
-1409
85
214
4874
2541
3394
-2240
-1609
-1813
-1137
-3342
207
3822
2671
203
4960
-2732
-2137
-2807
-1991
-2771
-4087
-4940
-3977
1344
4338
-3139
-1166
-4973
737
-494
953
-326
-686
-198
4666
-77
-2561
-4808
-867
-773
-1837
1501
-4785
2723
3830
1977
-2367
4571
4369
-427
-3687
-4263
47
-339
-3437
3069
-2096
-3563
1563
-4117
-2345
4383
-4432
2645
-3403
-595
-2361
-3791
-4951
-4006
3955
3249
-4350
4202
-4701
-332
-502
-1511
4017
-853
-4384
-2321
3781
116
-4733
-2244
-3853
2115
4262
-24
2226
4895
-2851
-2156
-4905
2783
-2543
-506
526
-737
-3700
-1091
-4163
-4588
-4330
1812
205
-3232
2318
-1337
2099
4681
-4602
-212
-3777
1109
4003
3918
459
-38
-4997
2523
4725
-452
-913
-896
2740
3538
-3575
-1919
1531
-4321
2296
99
-2547
3712
4974
-1551
-1820
1433
-1687
4830
510
4422
-1934
3868
158
3854
-1847
583
-1360
-2928
-4390
-4589
-4287
3634
1545
3800
620
1632
-2562
-953
-2669
2566
-2837
-3023
-8
-1244
2740
1440
4904
2992
-4872
-3031
3660
2109
4308
3975
435
-1647
3025
-2339
2412
-2077
-1583
3468
4734
4677
-4878
-835
4329
-3108
-3157
-2410
4276
-984
-3459
-410
-474
-4518
3954
1332
-2970
4867
-3469
1084
3193
-4821
-4469
-2601
2784
-2433
2002
481
-4282
203
-2853
-2934
139
-4131
1807
512
-4414
3305
-1603
-4552
-2578
-4502
1786
4347
-886
4351
-3333
-2087
2152
-3947
491
4456
2536
-2451
-3395
3837
-1218
1318
-2937
4879
4364
-3678
-2571
-2264
540
-3523
-4677
-3201
2575
-3944
-3555
-1008
307
3547
4754
-3045
4836
2134
-4033
-385
2266
2467
-276
-3336
552
-969
1374
2841
3066
1617
-4425
-2982
163
2555
1631
-2747
1601
-987
-3148
-675
-613
2572
-2680
-1792
697
-388
163
4425
2003
3971
-3437
4439
2187
2946
3643
-3764
-4590
4293
-3498
-3364
-2370
-3815
4062
-520
-1574
3345
-4725
3048
-413
-4489
-2200
-2243
3178
1710
448
-4054
4777
-2079
3585
906
2430
1881
-1775
-95
3355
3219
-4584
-4114
-1155
-1345
730
-4876
3554
-536
3141
-1951
695
4926
3025
-128
3642
2991
-1115
4485
-2889
2571
1815
-4941
-2203
3690
-4060
-1352
4906
3010
-338
-1790
711
-3987
3998
4600
2018
4968
-2794
-2891
-1801
1548
-3336
775
-3278
-4946
537
562
-361
635
-1019
-4721
-3543
-4518
2350
1336
2962
-689
3531
-727
1054
-4632
4982
3724
4231
-1734
3991
3668
-1617
383
352
860
3463
-4566
1892
4235
3267
1097
4140
-137
3343
279
709
-3068
-667
4270
-2114
358
1760
420
4095
-538
2109
-883
-2994
-2278
484
1224
-3347
3859
-1464
387
2154
-2691
-857
662
4669
907
-2105
-4516
-400
2538
-1578
-1483
-3393
-1423
4418
-2151
3855
-4158
4166
-977
-3601
-1199
-3630
-4928
-843
-1253
-2278
-4316
4650
3114
1874
3810
625
3205
-2709
-2317
-4850
-2559
2568
-2285
2240
-902
847
-3033
-3870
-2643
1847
2920
-4036
1421
-1462
-4807
-3939
73
-991
-838
2103
456
-2789
3593
-3040
-4826
-2946
-3465
-3763
3090
1380
-3590
2942
3423
-3948
1179
-4637
2269
-3519
-554
269
-164
3026
-4738
-4616
-3693
-3197
3396
-2609
-4217
374
-2558
-3905
-4535
2295
-4755
-3571
-1615
2022
988
2765
2863
1530
1234
-4457
-3928
-318
1580
4179
-548
2454
-2398
-4196
4371
3446
-464
3339
-1918
2208
4917
2665
-4577
-996
-526
3847
2191
-741
4677
1953
3433
-4837
4587
-3309
1882
-670
-3088
-1
-3295
-602
1695
-4567
-4331
1724
4392
-2847
841
4772
3056
3563
-3380
-2368
2155
-4960
210
2057
-2666
-4805
4505
-4839
-123
2621
1317
-4115
1758
2230
2658
-3610
-170
3922
1446
-4837
-3333
-3662
-2952
-4118
-3133
216
-3562
3572
-2643
1913
305
-4066
-4340
19
-4828
-4125
445
2977
4553
3634
2152
-1179
-2305
-2711
1411
4738
337
275
-3696
-3236
4569
299
1865
1620
3335
-3269
-2933
920
-1415
-457
2275
-279
726
-3013
-3780
-3287
-4134
1799
-2879
4312
641
-2414
-2138
2194
2191
-3434
-1865
2126
732
1262
-4635
-785
3492
-992
-2714
3933
-1609
-4822
-4572
1930
-243
-2425
-1428
2166
4579
3560
1574
3331
-3553
3158
4266
1546
4980
-2983
-579
2926
-314
4452
1405
-445
-4864
-786
-3972
-3458
178
1731
860
4923
3490
4164
4124
-4561
-1198
1404
-2525
3287
3178
4050
-1471
-3131
4059
-1149
-4361
3957
365
4480
-929
2210
-1341
-3874
1588
-1420
1364
4750
4210
4949
4769
578
3165
1948
1620
-929
1460
2903
-4661
527
-141
-3993
-4488
-4032
1622
4992
519
4226
1020
-112
1523
4004
-3828
-214
1121
1438
-2065
-3489
1308
2836
-1243
-1849
4528
3500
2433
3585
1805
2907
2867
-2328
4184
4997
-1504
-4816
4560
-3231
610
-4242
4358
-2436
2996
-1544
3927
484
293
-1579
-4469
-1567
-1549
-801
3067
1583
-2812
-664
2217
1337
-3481
-4511
-841
-984
-3289
-804
-3843
1314
1069
-3590
-1563
4147
3252
1023
3879
-3300
3713
-1570
2684
-3840
-1475
-4549
3205
1140
-140
-2358
2846
3051
-4330
-274
3310
-2744
2924
-2769
-4482
-4912
1452
267
3473
1691
-2603
-2915
-121
2577
4067
-3665
3591
3052
-1046
-2803
4709
-1117
4478
-2061
-2887
3943
1543
-2411
-2258
994
3996
-958
618
-1347
-3563
-69
276
658
-419
-1176
3802
-1069
3086
2378
1938
1969
4805
-1364
-1475
3402
-566
3467
4035
4653
3156
-642
1911
-4488
111
-1520
4429
4993
-3588
-2457
901
2944
3492
434
2335
-60
-4753
4416
-1209
3779
-4491
2549
-3848
-426
-4047
2214
-3210
1457
-2402
-3014
822
-3317
-4689
-2658
-755
3468
2828
2277
-4808
-1543
-1395
1196
-4997
486
-2079
4009
1422
-4292
-1364
-2264
4685
-941
959
-198
-4080
3795
4865
1435
1853
2684
1276
-2212
-1109
-4230
2482
1781
2028
-3454
-563
-2959
-4101
-269
4325
-438
4311
-3251
-1231
-1626
4177
2762
-1721
-4782
1240
-4997
-286
-725
-2676
2126
3122
-4743
1487
-2112
-2048
1142
-4192
-154
-4281
-3045
-2838
2689
608
4414
4665
-1060
-2643
3204
-3782
-3205
751
-4025
-4134
2209
-3865
1613
1710
4318
-3228
3667
472
740
-3673
4627
-4142
2265
-4514
1973
-2318
635
4218
3440
2307
-1583
1259
-3157
-865
-506
-1438
2621
-2019
3085
-2176
186
2188
3062
3960
-3941
192
1541
3926
3195
-4427
4297
2203
-1113
4501
1181
2570
3619
741
1761
-2016
3317
-2049
-2531
1346
3428
1659
4157
-3098
-3628
-1502
2045
-4964
2614
4387
113
-2982
4754
-3265
-1272
1844
-4840
-4171
-4659
4457
333
-487
3638
2109
-92
959
1226
-4479
4089
-891
-2351
-649
4369
3432
-4000
214
3831
-170
1762
-2228
2315
-2309
-3926
-1452
-2770
-2897
3145
-3732
-2095
-2128
2860
2632
3374
2517
2494
153
-3385
-3956
-3364
-1319
4274
-3617
413
-3082
-3096
-1352
-3942
147
372
956
-437
-110
-2365
3761
-2657
-710
-2695
-4055
-641
4855
-4498
-1494
731
-3422
2052
-2873
-2491
-4665
3340
3520
1835
3803
-1392
-242
3490
-814
1881
3690
-1969
-1701
2494
-4657
2502
-2904
-3982
2971
-2989
-2106
-426
1518
-1492
-4156
-2649
-3856
202
-627
-2476
3430
2173
-1834
-4323
-729
1787
124
-1148
3654
-694
3353
117
-723
2163
-375
2318
-4112
2367
728
1099
4260
4849
3045
-3996
1276
1860
-4942
-2869
4843
-3894
-756
1606
-2429
-4475
-997
1324
-2123
-1081
-146
2132
469
-4874
-1596
3819
-179
-515
2872
3136
1853
4799
4950
2711
-1990
1748
-959
4593
2542
-2120
-2246
-3343
4058
2287
-3280
-2057
-1405
-3089
-1041
-3475
-3886
-3907
2673
-4336
-2583
4810
4398
2747
-1143
-2632
2979
-4495
475
4120
3278
-2507
-4732
-3681
2049
3920
175
45
-3291
4129
-3396
2259
1370
-3659
-3251
-1070
1596
4479
1969
2305
4536
-2709
2451
-270
1874
-1805
-4433
-2678
3867
1434
882
-4338
-1589
3692
1122
-4446
3519
-2589
-628
-4681
4187
-4660
842
2917
825
-829
-1657
-466
214
-2965
3349
2771
-2219
-2037
3095
-3013
-809
-2457
776
3839
-740
4358
2579
4238
51
-4449
-3959
-2798
4244
-4642
2684
-3689
-3783
-1550
-3758
1330
-855
356
4823
-3263
1186
71
-3742
390
-646
-2753
768
4578
-33
-4003
2441
-183
-2549
1287
-3027
1686
1454
704
4929
1899
4890
-3073
4929
2483
-1120
7
-126
-1917
4736
-1801
-538
1760
1212
3615
4055
3048
-1524
4551
-2635
2884
-2883
4404
3534
4147
-4136
4935
2421
-220
348
410
3053
-3597
-4690
4762
2449
645
1097
-1131
-1213
-4494
1224
2398
4382
257
1327
-2898
4308
-1983
-4705
-348
4898
-3178
-1622
-3252
768
2238
3683
-4549
3958
-4175
372
-1101
1845
4849
-3656
2366
-4709
-2743
-4630
1507
3223
1294
-3340
3874
4349
-3617
141
268
-2214
-2702
3255
-4749
2110
-1834
-4807
1618
521
-3590
-2316
4161
4634
-3744
860
-3119
-911
3359
2853
-4559
2942
1909
-4752
160
1353
2908
739
-1204
2263
-4825
-1608
-1449
1104
-4539
2069
33
-805
-3486
2584
-4399
1306
-3031
4972
-4654
4093
-4910
-82
2437
2958
-13
-4714
2830
-201
1399
-4820
2789
4120
3226
-1942
-3
-1346
-2720
2030
106
2144
2435
-149
441
696
-2965
339
-420
-3205
-4631
733
1898
-2246
3557
3131
-1898
3398
1428
2992
-2202
-1179
1504
605
1328
4766
-3584
1345
3511
4098
1114
-1566
-4430
-833
-809
2013
-117
-4320
4218
3137
-1967
-1218
2488
2258
-3471
-4663
3883
-1719
-83
1941
-4533
138
3781
-284
1649
-2556
-631
-2147
4656
-3144
-3104
1901
-3118
4754
-1611
-4852
-265
-616
3418
-2009
3884
-3848
660
-589
1919
289
-3077
4472
2961
-3904
4913
-4085
1960
-38
-338
2280
4577
644
3247
-4376
-3735
-580
-2168
1912
3194
-4841
4063
-2903
1145
4649
-3343
4756
-2645
4402
4251
17
-683
3437
2923
-2377
-3836
2979
-3707
3085
-4101
-1608
2418
2538
-4802
-4823
3744
1762
3854
-4457
3126
-94
89
-1810
4267
3209
-4465
-2423
-3944
4843
-1252
3882
-1663
899
-2895
-131
-4314
1610
-2316
3986
-3507
946
3988
4381
2056
-1795
1705
250
2642
-2667
-82
440
3086
2325
-3219
-566
2346
-80
-1411
-3419
-2354
198
4786
-1050
246
-4989
-550
-264
3707
4801
-460
3138
3267
-3212
4634
4087
3179
806
-2355
3481
3827
-373
1026
2742
802
120
-1489
4300
3272
-4791
-3212
-4794
-282
3329
-2480
3324
-4514
2377
20
-926
-3472
-245
4019
-4206
2489
-2696
2189
1333
2471
1322
2042
-4305
3840
893
-4978
3561
-1555
4249
-2767
2446
2855
4821
4711
-941
-1140
3867
3351
3712
-4532
-2781
-2342
-2518
4272
2328
2878
2618
4765
-417
-2866
-4203
822
-4568
-1384
-209
4961
1159
-2753
-2212
696
2353
-682
2078
530
30
-104
-4356
2841
479
-2884
2821
4891
2577
4020
-1714
4881
4167
4294
4692
-3477
-4601
4600
-2771
984
-2442
-4879
4009
1982
-4567
-3429
-3457
-761
-4107
-964
199
971
-118
-977
-1684
-1427
2590
-204
-2895
3500
-4464
-3902
3929
1080
-3648
196
-449
-4833
-4815
-501
4519
3031
-3479
-4871
-2676
53
1839
411
-1359
4688
-2029
-4319
3552
1136
-1757
1191
2352
-2446
-2170
-2450
1291
-457
-2925
-1228
-53
2765
54
4020
-221
1637
1735
-3941
-1694
-420
1486
2971
-4263
-2344
-4910
2998
-2836
4530
-2181
3334
-1259
2652
-2175
-3795
-4133
-4008
-4682
1838
-2457
-4041
338
229
4709
-638
-3105
-1503
-400
-2170
4941
4546
4431
4116
3811
-27
3419
1399
-1323
-434
-521
-856
1233
1110
-210
-3697
-4822
2829
2419
1611
2620
-3181
-4217
-1323
-603
3280
3241
-3597
3082
4255
-983
-2300
3951
2302
-660
2681
-1220
4102
1044
-1681
-2515
3747
654
1594
248
1058
-2966
201
-948
1371
-2348
-549
4128
-1646
-3123
-3351
-1818
1113
4304
-2551
-1763
260
4533
3342
-755
-4639
-3168
-4009
-3450
-1584
-2236
4974
1135
2220
2099
3481
-4246
-2080
3602
-1731
2073
3229
2065
660
4517
-1881
-4849
2646
4028
-2164
3960
1406
-2759
-196
-1420
-218
2460
2323
2815
782
1318
-121
4847
-2809
1422
-348
2110
3375
3244
-1309
613
4410
1888
-4646
3111
-2887
2437
-2778
-2064
158
-1876
-3790
-3440
-385
-2967
-2194
-1386
-2606
4562
-2009
916
1882
752
1434
4543
481
3599
-2238
-4538
580
4379
3728
2847
-3885
-1806
-2427
-2577
315
1542
1824
-4110
-3657
-4508
1642
-260
3224
3261
294
763
3446
-439
-2607
-1255
3006
-3111
4778
-2025
-4784
4203
-2098
2533
2634
-4963
3306
-4195
1132
-4372
-2791
-4434
-473
-290
-2895
-1777
-816
707
4263
3926
1012
2092
-1257
-927
4266
-2066
-3535
2579
326
-4465
-3564
1478
1700
-3152
3019
-1820
3997
-3671
-4277
1086
649
462
1289
4895
-3790
-1872
709
-1435
1970
1548
585
2646
4393
277
1034
757
-1032
-1603
1645
2511
-1507
2968
939
-3466
-4401
3622
-3400
2544
2317
4288
1670
4532
3421
-4698
2290
1670
4837
3187
3512
4426
-3619
2906
2778
2927
-3531
-2873
2384
-3684
-2032
3698
4729
-489
-4961
4994
-3785
4874
3402
-3603
966
-1922
1590
1511
4877
-3835
4405
256
-2228
-1098
-800
3518
-567
1265
2817
2750
2432
2285
4668
4243
-3111
-3717
3677
3769
4193
-4805
-326
-2332
1687
-476
1492
2659
-2566
-3035
2472
-3356
1727
4370
-3269
1054
-707
1110
4078
-2048
2601
-3071
-4436
-1370
1874
-1895
1646
4681
-174
-4093
1649
-3458
3552
-4375
-1725
967
-2909
-2566
4452
2605
-4177
-4246
-2139
2670
353
750
3686
-4350
4615
-2306
-3748
1994
-1528
3620
2536
4586
624
-2587
-4468
-1763
-3860
1592
3996
-3245
-244
1637
-2309
-2006
-2102
2723
3896
-1490
4539
1845
826
1315
-2833
2490
-2740
-3261
-2253
-1875
-1839
-4958
938
-3038
-4214
-514
1825
3273
2127
3873
-3040
-1101
1942
-80
-1376
-2405
-2815
3512
1462
-4534
3701
-783
434
4244
3856
-4302
3635
-514
-746
-19
89
-1906
-830
-381
3392
-590
-4939
3430
-622
-1284
4786
269
1601
-1865
2248
-4752
-3307
2372
4351
-4459
4117
-483
-2319
1159
4560
4465
1844
3054
2638
3749
4930
961
-1091
-789
-2620
-4688
2167
1240
85
571
-3403
-2579
1041
1234
-2487
-1390
2617
1840
-2181
1217
3679
167
-1517
-2213
-258
-3929
-3426
-4195
4861
1257
-4111
3570
3934
-3458
-3170
-2680
1693
-1207
3591
187
1973
3654
-3903
4644
1540
4537
-2294
844
-1738
-2255
2805
4438
-2917
-574
-4699
3670
2028
-2653
4372
-1316
3924
2739
-1715
4148
1549
-2133
-2296
1943
-750
3109
2046
-3680
4450
-2923
4101
814
-339
2054
4874
-4439
-3213
-2967
-4549
1687
-2911
1008
-4834
4601
4554
4170
4048
4846
4141
2865
-3366
-4751
-3402
1563
1189
-3737
-250
2765
-603
-196
2094
-2942
3993
-2787
-2134
-513
-3871
-1983
-3056
4987
-4691
2810
-1616
3669
-314
697
2021
4264
1237
-1169
4465
-77
-104
1786
-3794
788
4660
-3280
-3822
-157
-4242
1030
-4435
4581
380
-1239
927
815
-4325
1850
744
-2184
-3226
-185
-4035
361
-1087
-2692
4054
-4528
-1388
1908
4315
-4305
-3368
-2145
-3098
4640
4830
2444
3301
3421
-2846
4921
3805
-3997
-4427
-4977
-4576
-329
-1284
-823
3713
483
-2339
1174
4205
1867
4896
3290
-567
-2789
-4438
3354
2789
-1167
2316
-4236
-1357
4206
-1504
4141
2498
-2349
3636
-749
-787
421
-2290
-1895
-1192
1737
2833
3979
3188
-4905
1365
-295
-4342
-2577
2679
108
-1574
-1144
4270
-2689
-1984
-2001
-4212
2859
1575
3730
-1373
3952
2711
-1305
1449
451
-1110
2652
1813
-400
2035
3068
2437
3523
-937
-1185
670
-983
3413
1056
-4615
2019
4905
3113
1194
782
2636
-3883
1892
329
1376
402
-4920
2749
-864
1365
2294
1382
-4079
-2074
-3128
4200
-3229
4414
34
3130
3501
453
2586
2055
2132
1231
1928
1338
95
-4562
-984
1550
2297
3197
935
-3131
-3103
-1463
-3868
-1421
1012
-844
-1718
1346
260
1544
4747
-840
-3457
397
-447
1309
1400
2419
4658
-1432
122
3485
-4758
3094
-1881
3270
4177
538
-1710
-3073
-284
-3429
503
-4699
-2072
2518
-1261
-238
3335
3258
-686
89
3408
593
3996
794
-41
-1003
-2584
-1363
-3780
577
899
868
2062
1725
-2420
859
-410
4142
773
3007
-4256
-1898
1629
-1406
4632
2489
4951
-1957
-1946
-4196
-865
1561
4799
-2728
3184
1957
-2846
-2284
-4841
2476
-831
-19
833
-862
2373
1195
2012
1803
-1993
-2348
2457
-202
2858
-307
-1138
-3905
-1858
-86
647
4121
1180
-2259
2536
-2493
-4685
4163
-4361
-3775
1758
3657
-2482
-3366
-3854
2490
4395
1872
-824
-2135
-2902
1999
-2637
-1534
-3897
-4504
1781
3014
-2352
-2929
-1712
319
4242
665
968
-1969
3442
-4256
-4192
-4234
-1063
-4750
-2489
1085
-3942
-2310
4503
-1284
-3346
-4612
4679
1202
2161
3748
3455
4729
-28
-2481
-2938
-3422
-4258
1730
306
3893
540
-1237
-1023
1189
451
4054
-3887
2153
-4174
-1484
844
-3364
3505
-2916
1504
-3089
4327
3636
-3774
1931
-3471
-3140
4731
-2620
-2116
3790
4167
-4700
-2478
-3185
1798
335
-4425
-862
368
-4708
-2987
511
-2880
-2174
-764
-1879
4844
-3703
-74
2409
2316
1053
577
-1870
-2899
-1766
148
-2512
-3528
1067
148
-2985
-3304
2324
-4913
4254
1182
179
-152
2226
2121
-2344
2635
4846
-2453
296
3193
-4743
-4810
-4216
3720
4929
1998
3961
-2595
488
4315
4684
2727
-863
2283
3438
3494
-3378
-387
3484
4098
-182
-951
-3196
1105
-3984
-4865
-373
-2468
762
-1515
3689
-456
1443
-321
-1512
1475
-248
-1249
-2692
-1124
2444
-1721
-1132
-1395
2930
3010
4869
-533
-3616
3300
-2804
1849
223
1026
2228
-475
-1646
2557
3463
2064
4661
4669
-1243
1555
-2976
-3533
-3509
-907
-1698
-43
-3693
-4757
-3081
4493
4041
2559
3924
3885
-1805
-1539
-4635
-4351
681
-1321
4602
2357
1697
2646
3170
2385
-2810
829
452
-2159
4364
-282
2874
-1963
4209
4636
-1378
-56
1922
4963
-4855
4800
806
-3867
1343
1026
-3996
-3666
-1991
4776
-3349
3196
-1856
-1423
-3834
1735
4274
3319
2642
-1055
4703
929
2253
3318
-752
4785
-532
3660
2729
-1431
-2364
-561
2268
-3079
1332
-1574
-287
-245
-2932
2328
-2301
2041
-4196
3938
-3970
-510
-3580
-3058
1354
-1305
-4879
-1062
-3865
-4831
4462
2657
3711
-641
-3859
-1411
3078
3274
-2641
1856
-1793
-1669
-3348
1836
4636
-2475
2884
-720
4234
4693
686
-1549
-2385
925
294
-1134
1425
-3027
1991
248
-1088
916
3012
-1391
-4069
1669
-2088
4200
-2027
4060
4685
2744
-1684
-1812
4343
1066
-4374
4613
-3268
-2107
-3978
-4045
-551
3250
-4257
84
760
3334
118
-1439
4585
-1485
3211
-93
-2977
-1037
1003
2798
2888
-2915
1964
1129
-23
-314
-883
1137
-4471
-501
3222
9
3669
-3708
3875
-61
-4558
3125
3848
-3194
1732
-3769
-110
4074
1854
-4143
-100
1690
1523
1314
-3804
-3736
739
-2749
3940
3424
2460
-3223
2344
-530
645
1396
-1902
2487
-4982
1258
-423
-4213
-362
3877
203
878
-1940
-3231
-1739
-1226
2237
144
4793
570
3101
-550
-3440
1535
1784
-1106
4770
1539
-3199
719
2784
-295
3893
3375
-404
3739
-2087
-4275
-941
281
4573
-4192
2469
2917
2157
-4725
4536
2755
1532
-3801
-1035
-608
-1016
-2072
307
682
413
-4883
2429
2726
3988
4469
-4443
-1530
-253
-4113
749
1200
-1241
-3684
3870
-4563
-4193
-2576
3808
-4302
-1131
-1430
-1276
3768
1669
-4683
2533
-2129
-1315
-4132
-2209
-301
-955
-97
3030
-3708
-2348
403
-1934
2686
1908
-3578
-4364
777
-976
2628
192
766
-608
-3072
-4460
-93
861
3875
4201
1549
4699
4358
-3305
3835
2404
4491
-3455
-2968
-715
-3859
4367
-1659
3776
-2812
-3650
-2692
2191
2496
3564
-3921
-4118
2728
743
-226
-940
-4408
-4562
-603
-880
4690
-4041
-510
-2862
-3512
774
2535
241
-4637
-4675
-3264
1344
-3147
-3116
378
-2234
4781
-4657
3124
1079
-2842
-4576
-1586
-3256
-338
684
-2590
1808
4063
2475
3536
1227
3259
3242
995
-2543
2966
-3348
-3126
-2828
2251
-2464
-1525
-1946
-2270
1478
3401
3078
-58
-515
-666
-895
-2045
-3263
-5000
1285
-458
-3565
963
4816
4160
2399
-1614
3718
803
-322
3642
149
-2494
1023
-255
-2689
4419
90
1633
-334
-4278
702
525
-1912
-1433
127
-1424
-2554
-2534
-4030
1090
4486
2273
258
-3753
-3999
-4728
1142
4788
-4651
4083
-295
3973
1400
4728
4705
-1063
4802
-2743
479
1928
930
-566
-4481
-1384
1254
1784
3376
4366
2212
1495
-1091
-2696
2457
2759
864
4342
4057
-2253
657
-3649
2751
-3502
-713
-4504
-3338
-1135
2316
-295
-4019
2585
-4256
1525
-4885
-857
-4190
-1188
944
-1748
4711
-4395
2732
3330
-479
-1187
740
-3809
-1205
-2631
3796
-4667
759
299
-270
2144
-3371
3176
73
2433
-4635
3516
2279
3037
-4057
-3503
877
1141
-2583
376
-1621
346
-4263
1247
-25
-3165
-2754
244
-333
3160
-3210
4333
-3122
1092
92
2064
4653
3693
-2457
1082
-3285
625
1121
114
-206
746
719
3716
-1664
2784
3575
4786
4155
839
392
1088
-2200
4937
-4027
745
1370
2500
-29
-282
-2155
2121
4208
1774
-494
-4674
-4116
-916
-2131
-3628
4066
1005
2379
-4952
2575
-3819
1085
270
-1314
991
2077
4701
-2990
2164
-2728
-2519
3165
2252
-1214
-3302
-378
-4658
-2968
-2445
-615
2842
-1682
-3751
4708
3411
-1079
1301
3737
1790
2384
2525
-1224
-1512
-835
-510
4313
-78
4773
-4602
4276
-3631
802
-4701
-4264
-1759
-4302
1269
-2370
899
4486
-655
-2884
-4796
-2009
-2574
-73
269
-1214
-4462
4413
794
-3770
-3192
-4576
577
2194
-3443
-1344
-881
2568
2223
-522
3875
-4000
3740
-252
827
-2106
-4141
3572
-1613
2938
453
3735
-3745
1993
4898
-1643
-4248
2642
-2949
3106
-471
-4806
4928
-3585
-2891
-2024
-4304
-2428
1016
1252
4404
-802
-3926
1154
-4092
3168
-1905
4080
3516
359
-4245
-2405
3597
-4024
633
-558
759
-1610
4737
2200
24
2854
3417
4167
3961
-1226
-2937
2866
1911
1669
0
-4262
-4119
4224
-346
2503
-2714
2988
1393
1114
753
4833
-2559
-3888
1388
1485
-4808
-4926
-996
2103
3745
287
1046
4978
-1705
-2723
-1554
-3141
-4151
2292
3798
3400
-2030
1294
2566
1851
4876
4063
2608
-4193
-3745
-1230
730
-3506
-3389
-3422
-3197
4968
817
848
-2329
-643
735
2094
2637
-4321
-3390
-3112
3060
4560
1866
1764
3585
332
-4619
2736
-1090
4239
-3691
-4357
-1051
-824
-114
-4644
-3212
-20
4759
-1008
3365
-4526
-928
4277
4479
-412
-65
4412
986
4712
4385
4189
-1181
3180
-2947
335
-1646
-1992
-3314
4819
3835
-1589
-32
3622
420
2539
63
1420
3293
-4142
-1504
784
473
193
-482
-4472
183
-611
-1488
-192
3927
640
501
1373
-1581
-4348
2776
-5000
2119
1621
-4649
2311
3683
-1568
-1369
3150
2151
3596
-3294
1613
3550
-2898
-4583
-778
2686
-1407
1002
-1414
1182
-3751
414
-4063
-1115
1994
-98
-1306
3142
1606
-580
1348
-1528
4738
4061
-800
1606
3749
-420
277
-2185
-1092
-863
4784
-531
4500
-3284
1299
-1761
-2928
-1795
-2442
1648
-713
-4412
974
-3021
4949
-790
-691
-3840
-2945
1493
151
2952
-1849
-1281
-92
-3832
-2329
2333
-3458
2970
90
-2907
-3791
1123
-4645
-982
548
3459
3048
-2122
2252
1850
3455
-4149
-2022
-4854
-2976
582
-2254
4652
-4172
-1663
1559
2466
1854
840
-3970
955
2998
-1911
-2328
-1156
567
-3169
-1810
8
4175
-284
-885
-1538
-3690
-801
4997
952
443
-4291
1471
-1528
2330
-4570
4763
-1744
3639
3811
3378
-727
-4226
-3292
-1305
3629
-1908
2487
1448
541
3207
-432
2192
909
1028
-4834
1328
3182
577
4963
-4176
3862
4691
-1
3424
-2747
-3079
-441
-2663
-4956
51
-2434
330
4530
3500
-3990
-1348
-1180
3797
689
3242
-4469
-219
-4365
4209
-596
-1054
-2657
-1614
-2238
4160
3781
-4945
2219
4331
-3402
-3834
1291
-4067
3535
3830
1739
2380
937
512
2568
-1429
64
4401
2762
-4358
-3191
-2948
-4130
-769
1267
-783
-607
-1260
-2038
-3069
-2288
1980
4113
-1833
-3684
3759
-1235
-4728
4180
2554
2861
4788
2970
-1939
-2279
2455
-2903
4436
-1404
4525
4716
-4011
3556
1607
-1520
-2381
3035
-23
1378
-1103
2711
-402
4608
-2105
3552
-3783
-3544
-4253
1419
3800
-3897
-4450
-167
-4943
3495
148
-398
-660
1063
603
-3223
632
-2275
520
-4394
727
-2486
8
-4562
-1592
-3469
-4178
-1327
1219
4763
-4227
-761
299
806
-3587
2611
-3163
1041
712
1213
-2960
-1410
-4405
1562
376
-1507
2899
-1677
312
-1355
-4764
-2761
3897
-4342
952
-4854
4381
-2314
-1540
641
2608
-2655
-859
-444
-3443
1705
3790
4418
1978
-276
-1767
1163
3970
-2736
4383
-1234
1366
559
223
-841
3854
-2511
-2876
3373
-4690
2460
4170
-91
4756
-2577
-711
-1066
1803
-433
1281
-2309
-1853
-1472
-3613
-4629
-4436
-57
-3582
3231
2285
-1389
2022
-1140
220
4396
-615
3130
1023
-1223
294
-4150
-1226
-3688
39
1047
3813
-1361
1150
-396
1521
1880
3739
-121
-395
3826
2702
2313
4256
-1263
-2393
-2416
-2699
-1648
4173
1581
-4399
3192
-1875
-3557
-40
-102
-1209
1693
-2190
240
2038
-4655
-3021
2399
3612
-2656
3409
-397
-2940
2165
4133
-2683
1373
-3142
3582
-2252
3590
-1570
-448
2065
4971
-4114
-3519
-2110
701
3105
4873
4455
-4197
4155
849
2524
3963
-2549
4314
-203
2573
4275
-971
3356
-2983
-856
4171
-3722
-499
-2193
135
-569
2252
-4345
3900
-182
-1875
-3552
-152
4218
-3425
3092
-370
-1042
1694
-4479
2975
3422
2014
-4222
-445
-1336
1808
-3371
-1723
-4867
-4500
-974
-1496
4359
4441
2567
36
-2375
1626
-2813
1598
49
-3591
-2159
-2189
4500
1724
3811
-3694
910
-2110
4653
-1806
-1650
-2251
-4794
-3041
1410
-911
-315
252
-1749
-1083
38
1591
-2116
3109
4822
4562
2514
-4671
-4304
2331
787
-1087
-1696
-518
4746
4106
-482
2500
220
3122
-1330
-909
-1927
1885
-4633
-2837
-2478
-2380
3397
2578
-2548
-314
2796
49
-807
3192
-3350
-1394
3982
-4105
-2301
3554
-670
4657
-1358
-4839
3266
4703
1503
4486
3447
2595
-36
-3313
-3303
-4283
-504
3615
3419
-1278
-4193
1248
-3787
2280
-3957
1920
3807
2827
-3284
-2291
-4517
2191
-2368
-2364
-4356
-1784
-3430
-1923
927
3521
989
-3125
3133
4330
4790
-4073
-1255
4287
2399
4414
3119
826
2207
90
4640
-1966
3136
-4194
2039
-423
3585
-3610
-1589
493
163
-3137
3141
-3661
961
3762
-3479
-699
-4458
-2657
3561
561
3977
2610
1067
3252
-792
2224
4158
970
-4261
1908
-3886
-3002
898
811
-665
-2547
-408
-1707
4107
946
31
-1084
3827
2153
-1602
4081
1223
-1579
-4568
-3891
-129
3204
2273
-2587
-501
-498
3128
4216
-3990
-3179
-753
-1994
893
-1129
-4874
-4746
-941
-2636
-2944
-3841
-1520
-879
4181
800
293
3262
-73
-565
-1099
-418
3326
-1585
2040
3544
-104
-3524
-1321
96
2661
-2010
100
3731
727
1661
-3055
2502
577
-3410
1696
1261
-437
2167
2062
-4937
4503
2567
-2686
-4781
1456
498
-4335
1618
-4339
4373
81
-3417
-2199
2380
-1539
-4184
4108
-2111
4868
-2659
1063
-1651
-3687
-3208
729
4575
-1574
-1645
105
-944
2451
-1853
1403
-1920
-3478
-1686
2439
91
2582
-2343
-3126
-17
4953
3421
2532
-1849
-854
-400
2571
237
2761
-1439
-4708
-3240
-4799
-2677
4469
1575
1040
3640
3245
-4921
3032
4124
1406
-1105
-3300
-4072
14
-101
3488
-4550
-757
-3631
-485
-1223
3009
3544
4628
-4505
-2182
-4105
-83
-2248
4315
-2445
-2296
883
3889
-1642
3188
-1591
482
-848
-3443
2912
904
960
-1182
-3365
4792
1663
-111
2139
2667
-2058
848
4090
2555
-1686
-803
4483
1691
-237
-1844
2676
-3506
-4795
2733
1530
1768
-1253
-202
1416
-2077
1364
998
-949
2216
2467
-1187
4216
-4601
-160
126
-522
4715
-1625
-323
-2229
-1073
-3548
-1073
3060
4767
-3726
-2490
-3941
-1281
-2776
-3952
-963
-700
2293
-2526
629
-2198
-3842
-3169
2328
-1999
-4814
1398
-1694
-1972
3807
-1515
732
1771
913
-3727
884
2079
-2227
4293
-4626
-3156
-1221
4574
-3417
4208
-1276
272
681
-131
-3536
2912
-3116
-1693
-4566
3245
3447
-1800
2129
982
2978
1779
150
-4947
790
599
-2466
-3113
-4229
997
1832
-997
-1867
435
-2358
2427
4147
1118
4891
-2137
-3887
-3613
1997
-978
-4184
-1598
1639
4655
1549
3025
2377
-3525
-1185
-2296
3393
-4610
-3047
-2408
-2019
1712
1345
741
420
-3007
535
4594
3662
-4772
3088
-1151
-1291
-1041
-1249
2913
-4818
-3036
2297
-4389
-396
3263
-1254
-3998
4070
4323
-1953
-1502
-3201
907
-3143
-4707
-1875
891
4453
-3137
3287
-377
-276
-2670
-3488
3256
372
-3626
144
3933
-4794
3393
4430
755
209
3575
-283
264
-4322
-2773
3620
2065
1019
2720
3918
-3257
-346
-4487
3480
4191
-2279
4290
-3771
-3115
3663
3913
-2483
2847
-4122
-4964
2933
-1151
-1203
2633
4056
-2728
3024
365
4160
-4360
3789
-4109
2155
-3202
1081
1616
304
2525
-2419
-4510
1916
4589
-14
2116
4522
3073
775
-1400
2357
-4949
-3568
2748
-3143
-4881
-4454
-4945
-926
-3489
4153
-1658
-1519
932
1207
-772
-2489
4017
-781
2804
-2092
-2259
-401
1375
2451
684
-921
420
-785
-3909
3162
355
-2184
-4541
3969
3317
4440
1304
-3343
-4515
1806
-3048
1453
-2259
-4842
3057
-4825
4658
-3149
1001
1929
4802
366
-3002
2182
257
-4838
-1564
2503
3505
2284
3628
3391
3873
3814
-3818
754
-1657
1706
-583
4518
-1510
3803
509
1617
-248
-1085
1976
262
-2289
-3357
-35
-1074
386
-3399
-741
470
2251
-1296
4816
-4009
3567
3708
-477
2391
3175
-2172
-1564
2753
3669
1486
4234
824
1440
-252
-4876
-3439
2444
-558
1019
1177
-3889
1528
-3467
913
3669
-2528
166
2770
-387
1161
-207
-3254
2694
-1746
-1281
-2809
-2980
-1692
4007
792
-4901
-3395
3840
4776
-3901
-2945
-4199
-2036
-4586
817
-800
-1991
-298
-4653
-4218
-1352
-2171
-685
371
3686
-161
-1740
3202
225
2574
4929
-4523
-352
4176
3029
-4327
-2851
3043
829
-3227
-773
2004
506
-2518
-1915
376
1455
-380
3479
-335
-1831
-1917
1843
-882
1809
-4804
-1924
-4686
-1129
2177
4269
-1331
2603
3026
-3425
-1826
2274
1978
-3571
-1967
1994
-2410
-3186
2838
-4642
2886
497
2386
-1311
-1252
-502
1433
-4753
2178
-3856
-1776
-382
-374
322
-3521
3806
-4072
-3537
4943
4363
1354
919
4903
-1984
-527
484
-3907
4453
1668
-153
3523
-3640
1503
2010
-4194
-727
-1819
1416
-2603
-1124
4251
1803
2745
3077
2799
2697
-1107
4985
83
197
3872
4388
1216
1726
163
807
-656
3016
990
-1507
-4500
-2956
3883
-477
-224
3632
-847
1492
3473
1749
3365
-3452
4847
-2445
-4304
-3332
-3835
4701
-3096
-817
1270
-1210
4844
2003
-4828
2734
-714
-4876
-3925
-1760
-1782
-1662
2923
2154
3918
-21
3656
-3882
3524
4280
1579
-1855
-2229
2100
-827
-2541
-3413
-4550
-2120
-4612
-173
-2576
1862
4570
4305
3139
475
-4144
2175
1341
292
-1623
4130
3388
1715
409
-300
978
2570
-1983
-3168
-1862
-655
950
3203
-1371
-3657
282
-2756
110
-3409
-3806
-2508
-1971
-943
-4307
4848
-71
2462
2032
1271
2128
162
2641
1634
3883
-3321
-4593
-1707
189
-4764
-4327
4355
-3581
-3488
-3868
-430
-4705
674
1294
-2795
1683
-3364
-1340
2989
-631
-3810
-4107
4937
-1441
-2526
1939
467
-576
3898
3114
-2972
1612
-1514
3433
76
2294
2858
3746
-2907
-2829
201
4023
835
3406
-4230
4580
4852
1687
3056
-1927
2261
-2518
-3970
1297
-1366
-2177
-1772
3558
244
-4782
-1085
4387
3410
-593
4631
4955
4707
2389
958
1957
453
457
1080
2250
-3525
-3682
-3585
1875
-3612
4456
-2778
3530
916
-1532
4599
-1096
4382
615
-1038
-660
-206
-42
-4270
3616
2086
-4813
-3389
-1251
3889
-817
-2007
-3725
-1272
1886
-4741
-1658
-709
-1647
-3520
3455
-4032
574
-2462
-1916
225
498
-3524
4369
3673
-4428
-1420
930
2788
2162
-3244
2126
3996
686
-1073
-1624
1001
237
-3181
2253
-409
-4493
-1678
-303
-1482
-2393
-3417
882
-1985
-2566
-185
792
-4668
-1274
4104
156
3087
1722
-4296
-4849
-2701
-4106
4445
-1411
3186
2876
2354
-3591
-2477
-3761
-3774
-1339
-2888
295
1435
1168
-4758
-1142
-2867
4391
3866
-111
2875
1739
1603
-205
3641
-1450
-3977
4673
2900
1687
-1543
304
4642
-1699
3793
-3193
327
-351
-821
-1930
-1628
3573
868
-3417
-649
574
2421
2645
3494
3566
2735
4349
898
3342
1947
2048
-149
4659
-3217
2214
388
-3777
-4624
-1122
428
2414
2601
2472
1490
1581
-4209
2856
-3181
2207
-4064
332
-1814
446
-453
2699
348
4929
-1083
-145
-3358
4152
2628
-3284
-1367
3811
-1664
-4878
4240
4865
-266
-466
-3534
3606
-2169
-1202
-3722
4345
-1651
1064
2654
-4349
-2734
2277
-136
4012
4319
1
-488
-1653
-869
1082
3463
-3745
-2025
4944
28
-521
-1629
3763
-4555
3377
2192
2077
146
-3571
2670
-3668
-2254
922
-4639
-3996
1107
-2208
4349
366
3194
-2242
-4880
-3224
1025
4938
178
-3706
-375
3732
-2603
3025
-4386
808
3278
-3180
-594
-2862
4770
-3944
-4514
3584
-3062
-4627
2676
815
395
-143
-2757
315
350
880
-3749
-4288
551
3756
-1848
-4241
-4452
-2956
127
342
693
2474
1313
2035
-442
3468
-4059
2234
-4792
-359
4932
-2771
3548
-2911
272
-4403
-1165
1892
-410
4878
-3281
-2702
4053
-2628
-2535
-4912
-3297
388
-124
623
-838
-4495
1864
-4575
-1220
1658
1832
2603
1302
-315
1005
-4376
1452
1139
-4979
-3089
-2994
-1983
-668
4958
4032
1356
-2622
-2284
1665
1791
53
3425
-3188
4063
-259
3094
-4560
-3546
-665
-4670
-2121
3814
-2931
2248
-2096
2790
-1479
-768
-3200
3434
1004
-3644
3877
2092
-3831
-2965
2493
3611
-2647
-2504
-2883
-1295
957
34
-1860
-3513
-3493
-1063
3859
-1900
1848
-1790
1496
3784
-4841
2497
880
-1740
213
-834
-971
1678
4902
-4027
-4851
-1377
-4571
-2503
1256
-3945
940
-2782
-4809
3037
-4514
-3448
-4278
-3599
-3416
3219
2015
2822
3255
-1396
-2231
-3773
4615
-2402
169
-116
-2444
-1077
1760
-1012
-1549
966
2989
-2134
-4689
-3046
-3146
-4313
2090
4274
-88
1528
1768
2021
-2826
-3091
4126
3520
-1023
3429
2896
-2792
1171
1256
228
1897
-4323
142
-4813
4685
4466
-4680
-2623
562
-4075
-3362
-4307
113
1739
-2242
-309
-4878
3633
-3497
1494
-4838
4516
2842
-3962
2223
-421
-1335
-2157
209
-2650
-3746
-1474
-3821
-4320
-51
4061
1416
2419
424
3113
-1531
-2975
693
-532
3849
-1417
-1119
-1808
-1153
-3809
138
2400
-471
-2652
-87
1863
4215
-3532
4893
-4846
-1145
1475
-1111
-4236
1096
-3478
-3392
3934
-2392
4838
4961
-1957
4847
-2835
-4428
-2622
-916
-2210
-1831
-2037
-4585
-4109
1650
1520
3392
-4173
-3586
2941
-89
4097
-148
-1803
1309
3946
1776
-1177
-3926
-3568
-4416
1990
2695
140
-1650
3245
-2382
-2395
-3445
98
-288
-3555
3264
-3224
2787
-120
-2089
-4270
-3391
4541
-1265
-3647
2124
952
2789
937
-1406
4935
-2922
2940
1244
-4579
220
-717
-749
2544
-3736
-1375
3059
4609
-4453
-4473
-2157
-4226
-611
2953
2540
2744
-2359
1317
-449
-3684
2390
-4189
-1572
977
1017
-862
2081
-274
534
-2395
3869
-919
1978
-626
-451
-3392
-124
-2625
-2965
-3902
3005
4490
3836
3583
4049
3668
-2956
4199
-4647
2671
-1020
3946
-207
1487
3914
3926
537
-3644
1689
4861
4492
4548
314
-4738
4960
2105
-531
-1118
-3292
-3607
3610
-4455
-4275
4866
-3481
-3996
-3338
-4538
4712
-2463
-671
-3350
2849
3889
-4380
1176
-185
4387
-675
4965
4756
702
189
-3548
-2693
4660
-4938
-3690
-1961
-3939
293
653
-3997
4928
-4414
4823
-640
-3447
-4370
-2132
-3523
-3846
-1379
-4385
406
136
1909
-4145
2401
1013
3962
-4387
754
1689
-2072
3117
-2046
-3968
1013
-3837
4812
2377
-2254
4971
4071
2829
3880
2162
4472
4851
-1287
3625
206
2347
-3546
-2865
341
1001
3064
-2505
3324
4661
1301
-4464
2912
-3303
-3944
-3341
4690
-4515
2895
1013
-479
3755
4239
-2981
4082
-2673
1472
2660
-424
4317
2269
-4976
3798
-2400
4266
4377
1131
-2044
-4956
-194
-2601
-4331
4086
1762
906
-4213
3974
1844
1468
-3113
-4990
4646
-1269
-3868
-2301
-590
-4507
-1044
-3106
4526
-3324
811
-4506
231
60
2226
-855
-1556
-1485
-1562
-495
3385
4695
-4348
4297
-2032
758
-3529
-1130
358
-1902
3838
-4015
2221
827
-1148
-4230
2336
4978
-2090
-2901
3482
2981
-2812
-1926
2287
4574
-4506
4228
-1585
-2116
4922
-1889
-4755
-1127
590
-800
2393
4589
-3175
-2882
3104
4409
-3312
1332
4557
-4568
175
-4535
-3365
3858
3782
234
4045
-3170
-2047
-250
3823
-1444
1206
626
1977
-1890
-1590
4435
1828
-3444
315
-1685
3362
-4856
2288
-4523
-1460
-2821
-4493
3396
2381
1177
-4753
-3026
2588
1845
-4322
-605
-2302
4291
-4871
-1470
2634
143
-1552
1209
-3541
-3439
994
-1010
1010
-2526
-4847
3754
2818
663
3013
3657
-693
-3365
768
-3037
-1436
-4000
2893
3297
819
-546
3638
2548
4355
978
1282
-4888
-4402
922
2639
-3260
1959
-386
3200
4845
-2642
203
-3902
-926
-1962
-3026
-1560
1909
-2658
-4294
4530
-1886
2982
1507
4013
1724
4864
2701
-721
-4561
-1105
2126
-1274
-2883
-792
4451
-3632
-2546
1172
1788
3496
-3985
249
-2749
-2149
4966
2107
4142
2489
1485
-562
17
3836
1556
2265
-3219
2934
1207
2776
82
1795
387
354
2125
2660
-3198
1444
-1718
-355
-1493
-1955
159
-2632
-2835
1052
2052
730
-1179
-1944
1187
-3984
-4803
-2009
-3004
4351
-122
4909
2976
4495
2586
-2801
-3550
755
1081
4114
2631
-1833
4097
-1367
4236
-2096
-2888
551
-2191
4310
3267
-2498
4427
-459
1720
-4666
1240
-3352
3790
2173
4452
25
-3717
-1186
3719
-2343
961
-2836
4995
-1923
4571
2166
691
1929
-4926
-15
-3129
-4435
2742
-4871
1936
-679
2522
-2431
690
-3768
701
3801
2327
-4636
655
2558
3550
-806
2307
4558
4113
3385
-3794
-37
447
-3023
3710
3637
2222
-240
-2546
-2174
-3055
4247
-4287
4722
1403
-3576
-2986
-2980
-1921
-1146
1964
-2095
537
-2762
-3109
-693
-2533
3062
-637
2697
-4323
3680
-3158
3705
-4280
-3977
-4322
-2810
1393
1145
4715
-4131
-1489
-3108
-710
2203
-2447
-2623
3706
1022
-1632
-2491
-4246
-2373
2053
1619
-4095
4732
3256
-725
4156
-4365
2290
2716
-2466
-3373
-4038
2998
4808
-3690
-4954
-3735
4711
-861
-705
-3975
-970
-3305
-2921
54
-480
-1047
-1772
865
4812
-2796
4201
-240
-514
-2815
2217
-1036
2806
-4438
-2794
-3823
3037
-4880
3642
-2981
383
1261
4838
-1878
-3254
-4733
1914
3358
-3550
-2535
-276
-1246
-3607
3233
-2734
1085
4169
-578
1336
269
-3283
-532
-1523
-3783
2762
-3301
4971
3502
-1877
-4888
-2668
2908
-3348
-2366
-2352
-2457
672
-790
-1887
-216
1821
4886
-1211
-418
2056
-4285
362
-867
-800
4983
-3485
-4699
-1527
-3631
-804
1920
-4889
-1946
556
-71
-4527
4972
-2926
-4351
-3332
582
-1949
2055
-2861
-3942
-2386
3276
1890
-4786
781
-3134
-3477
2522
-859
-4944
1566
149
-696
846
4660
1401
3364
-2903
-4098
-1807
-4523
1500
-2863
-1719
592
-1848
2627
-431
-3282
3479
-324
-898
-2920
499
3116
-584
-3660
-3731
-606
4596
-116
-1818
-1310
-125
598
-4728
3712
3215
431
-1775
-2329
3532
4307
-4299
-91
-393
-2238
-2382
3620
-262
-1479
4550
3502
-2300
-89
-4500
411
-246
230
-2686
4932
-4655
548
-2434
742
-4874
4748
231
-2775
-3334
-2562
2690
2724
-3514
3273
4128
-1188
2064
2494
-2036
-1187
2922
-2782
-3688
-2173
-1652
-3026
1270
-2435
-1036
1519
568
4212
-1325
2056
-3604
-2342
-3557
-4974
2220
414
-1029
41
1949
-2372
-4888
-114
-4250
1483
-1840
-1591
450
4422
3998
-661
-4689
-1103
2117
-290
-3732
-3427
1055
-96
3153
-3126
-4197
1907
-576
-4653
-1674
3134
-1526
-980
-2562
-4341
-4322
1189
-3884
4613
-1270
2948
1742
-3022
-3240
4901
1847
675
693
-2906
-789
4296
1418
-4518
-2730
968
1524
2729
4928
-2126
3598
3685
-4840
-1999
-1063
3617
-4344
152
-3960
1894
3879
-2295
-993
-3372
-4777
2848
1101
-111
-2878
945
-729
-3153
4363
-2534
297
-1617
3086
-1803
-3731
4426
-603
-4924
4835
-3795
1444
4993
1050
3118
-3570
-2255
-291
-54
-2896
372
-1658
-4624
-332
4425
-4580
