1000

56044     72750     42563     37597     22596  

   91260     84529     88796     76794     43514  

   83161     60639     80161     85994     5446  

   65114     86928     16879     65247     72357  

   47510     82704     8267     46178     85726  

   33860     15212     67774     10955     89889  

   56535     58186     43915     55341     65702  

   38430     69208     71422     64817     44537  

   21811     16127     35939     6001     78860  

   88265     46658     13568     22768     57856  

   48854     47023     11128     23308     69602  

   45754     3800     46324     11918     15565  

   63331     64424     1580     42143     80961  

   71878     15862     80492     67195     71082  

   5838     7120     19701     81689     64232  

   81400     31459     5773     86024     2271  

   83060     3137     556     232     16917  

   84299     19243     86997     90665     80509  

   89632     14966     65785     50304     78911  

   40813     93555     88468     39952     25647  

   22924     18760     81879     99643     27426  

   81789     60506     41937     5798     20284  

   38637     51054     81962     97288     91386  

   22974     12038     87682     12767     30000  

   58354     54909     67159     17562     23300  

   34750     41694     26138     18981     20526  

   93401     22917     58558     44480     80612  

   68091     40245     50673     16320     76353  

   64066     34937     45866     21698     69227  

   58291     24797     10284     20658     71695  

   93357     17248     94116     74928     33475  

   32172     86731     48524     55484     17886  

   35788     92044     62650     88795     23845  

   6977     41956     48857     70807     59165  

   9295     79819     12084     71825     4874  

   24777     87665     9940     35905     58981  

   71470     3037     17074     3004     97115  

   4921     20055     85860     52928     45904  

   23376     54066     63337     16645     82799  

   93015     74486     56378     59911     51355  

   73270     83350     62486     26261     80843  

   20317     39270     59792     2334     62211  

   78619     12800     51196     14919     49165  

   54392     28513     78964     59101     31062  

   93469     2707     99559     12426     80080  

   69202     52994     28961     97032     41787  

   1674     75833     15731     56521     65611  

   72711     27005     92810     35022     23776  

   12594     27618     58801     76501     15849  

   2702     12444     85326     87701     74281  

   41490     34604     363     62083     36280  

   56713     43972     44714     39904     13041  

   11530     96935     10607     50233     39726  

   42316     23019     10784     68241     68251  

   33815     49277     19479     55180     14984  

   46699     75808     18043     52332     18754  

   57786     91133     97840     91703     6000  

   87081     47869     47548     26914     83898  

   87772     75598     89590     67519     96537  

   97165     34017     5427     99867     12435  

   50516     30476     12647     9851     88914  

   37286     21877     35741     94577     30426  

   69185     48654     69669     2452     20265  

   55275     80216     18149     36898     26413  

   46484     27329     52843     55908     41052  

   97695     84090     49694     59309     42869  

   62615     40105     48241     90011     52615  

   72083     81385     83246     78722     92284  

   22966     32441     17212     8169     4903  

   5088     38206     79997     85922     77596  

   94264     13942     17322     99818     19675  

   39363     52808     39707     46918     34233  

   69601     16169     8646     8089     3586  

   14308     5385     24902     41156     8318  

   81339     96789     14000     95725     17133  

   6598     71459     30375     66461     60742  

   83513     81158     91985     23265     16733  

   73685     55694     69652     21982     64823  

   7942     8870     95327     68168     93028  

   33869     53443     51789     19522     2540  

   3374     22056     41358     17307     18569  

   32556     78927     71846     78929     24545  

   53532     17576     88911     88267     9248  

   44572     63927     38072     23134     40199  

   71573     82498     8226     83163     72000  

   508     91997     45307     89570     81117  

   52725     41534     51596     42236     65126  

   69991     86834     90887     52260     65379  

   64371     97401     91582     75276     70494  

   69020     98245     59285     5548     57014  

   41814     67846     5606     14040     79340  

   44783     20774     90458     56145     60555  

   72641     68933     74666     23448     75700  

   64073     85010     44769     38330     38098  

   29488     92921     33412     19826     92963  

   47600     8327     44960     95902     40832  

   97853     2894     87430     6042     79176  

   95574     30591     26267     76606     77907  

   90591     25869     31961     82673     21447  

   88487     75288     6742     83751     70283  

   35502     58527     16504     74224     13254  

   69539     21299     27961     63378     80592  

   89698     9554     33587     92208     9728  

   33751     19849     49431     20069     29854  

   57708     28404     70130     59236     89270  

   11765     41960     4277     54217     18170  

   19580     47506     1012     55772     88854  

   21101     50072     32485     74749     77402  

   67989     80634     1893     46673     99038  

   86708     27761     27665     55794     88311  

   76390     32136     27070     46158     76028  

   77586     96164     63759     58700     38556  

   99079     37563     90560     31277     80257  

   18357     90221     94110     501     62746  

   19998     85971     18259     22137     62454  

   76295     96754     49017     33315     82236  

   88005     37967     9663     94230     31686  

   31049     58084     83529     40597     24279  

   95706     22888     25845     55338     1011  

   43757     89573     47060     69214     48449  

   26298     43739     42754     59828     39041  

   92905     24253     57769     89568     13158  

   599     80270     21993     72902     58330  

   91752     51655     42343     87754     25571  

   35733     84507     85303     28606     26641  

   18203     78500     88431     86334     66464  

   66846     60399     50443     88626     99250  

   54674     83716     75570     13220     98964  

   30829     67919     47024     9714     89362  

   13902     60909     78128     52897     84337  

   86977     16736     40935     40879     26886  

   71650     22135     76867     5932     51710  

   42392     67689     56656     50393     58939  

   92234     44514     96371     99986     56698  

   22484     99084     64557     57073     38577  

   35474     66090     28764     22495     9029  

   60397     62017     68815     49818     23565  

   90354     38396     94397     50173     4395  

   32356     22283     73554     83565     60030  

   24436     15893     1703     14523     34740  

   91142     15259     66273     68185     96305  

   1606     27624     91277     25321     48926  

   11743     7527     75571     9476     38408  

   81532     11148     13961     58820     68172  

   42704     86627     6973     2065     9348  

   33085     34797     68829     4642     67810  

   62441     49642     75131     95450     4130  

   7715     30914     42972     15090     66054  

   89204     10963     44877     73487     24167  

   11664     28505     92032     22577     79173  

   84542     48303     97097     82638     98600  

   10270     55232     67064     92157     88457  

   41546     13575     74026     3075     74172  

   88061     10848     56549     1472     33858  

   36664     30122     86581     59745     31743  

   58884     95443     43622     16754     49267  

   57941     20299     10659     68715     6520  

   17470     60898     11114     46839     48641  

   76944     81363     35600     99122     99309  

   54092     87717     88590     37108     93429  

   50759     56389     85035     84639     46001  

   69398     10519     44103     89337     10219  

   18428     19174     71721     90757     83369  

   89318     94785     78303     64319     19428  

   25699     79735     72295     1576     2371  

   87072     86172     67869     61648     48156  

   47318     48741     81411     91973     61573  

   70176     20380     62077     57981     45519  

   8394     35872     84416     75146     37788  

   70969     75342     7123     16027     47466  

   28570     32522     63984     19486     7977  

   40353     68887     95715     70632     21789  

   43522     83615     89240     96738     27352  

   64435     80439     3158     1130     15744  

   66808     8714     76058     29857     18952  

   29755     45784     17052     63188     17794  

   77986     31106     51752     6625     27913  

   27184     33823     87338     48194     51838  

   28268     61263     65223     27118     34571  

   45500     79319     957     64229     22969  

   67237     89464     65579     72321     85132  

   75845     85309     46864     72496     41808  

   11687     69937     24232     94001     36202  

   29290     18028     32820     46218     91415  

   7211     94021     97234     73661     49679  

   33116     66117     47277     94126     39542  

   52454     78425     47596     22198     93091  

   17077     17774     88845     3108     41161  

   2808     2946     80649     62719     37710  

   73033     84473     47542     62339     76048  

   14613     56326     34914     70929     84862  

   24156     80248     54917     39585     27314  

   4757     72511     78553     30901     18664  

   21465     81337     83943     68790     67331  

   12470     79804     29439     41907     9015  

   85682     62059     37894     92922     64380  

   49093     37173     48104     69710     79164  

   85113     38806     14946     32793     25546  

   15031     62086     71626     82094     4067  

   94419     26285     61120     57074     35459  