5000

 32404     42199     46425     14033     28014  

   24148     3871     38013     26956     33050  

   20337     31438     38927     10315     22994  

   18364     39275     42303     24554     39018  

   15187     30148     21147     20028     23190  

   15788     29208     15049     20320     16303  

   31944     35151     2742     5706     15235  

   17028     1074     33231     1020     28281  

   3544     507     24289     4304     49108  

   6023     34286     8958     39886     15197  

   4251     5730     36190     21525     19422  

   11234     31139     19614     37959     12764  

   18969     39911     9729     11331     11974  

   41341     37233     7454     1647     47606  

   20916     48640     41745     34686     26863  

   48277     47735     40399     1123     26601  

   46730     13847     45387     11609     24060  

   47810     13266     6185     289     17933  

   42910     44647     31558     11597     36043  

   39948     19230     38503     4538     30867  

   8496     48638     20107     31847     12826  

   36703     2317     25127     12713     5514  

   28159     36265     15556     15072     44927  

   26879     49581     47480     942     40396  

   47773     41967     3279     15444     41850  

   18330     39171     34440     34814     19584  

   19936     47930     41705     17165     18383  

   3514     40092     12281     33182     514  

   36344     38637     45910     19377     34892  

   20244     22458     26611     3924     48125  

   13081     43148     32983     984     2325  

   27749     29791     18379     39865     9765  

   17923     47562     44265     4524     11429  

   10386     430     2501     13852     182  

   17913     4030     49784     22109     29510  

   48471     25489     33829     33153     26246  

   9538     11209     42965     34569     21370  

   43220     31396     29790     19208     40907  

   36561     20271     32051     33575     35762  

   36631     19221     6570     3515     37089  

   103     12432     26253     42525     17946  

   11170     39926     24829     34984     8305  

   19016     6602     34678     46092     14641  

   49327     41558     3067     14514     24611  

   30640     45140     14557     32807     23750  

   46299     43457     48498     43608     41478  

   39038     25584     11133     5486     24839  

   8339     1867     25169     11785     39149  

   21005     42435     36429     48946     10139  

   31178     44456     37362     4688     31741  

   3922     37587     31228     28652     16272  

   25428     1826     7916     33689     21028  

   43997     45634     6557     31528     14025  

   15628     7248     44711     34552     19146  

   45919     38379     26136     15806     23048  

   25615     44530     40473     49240     45510  

   48807     45171     44744     25679     14072  

   45612     17338     22267     47409     41918  

   47229     38896     9235     8646     36949  

   42225     28219     38783     15908     9846  

   2431     38214     21374     39464     10788  

   39317     10686     30423     24434     18749  

   29529     34851     23452     28111     7198  

   22915     5285     31536     11995     17785  

   20527     8478     41923     25740     4925  

   12312     26713     19757     40679     16010  

   7207     34571     48561     37284     41316  

   39753     44283     36333     45618     2455  

   30404     12071     46531     18915     14722  

   45514     39456     36766     7189     30921  

   9285     16784     20108     26634     7620  

   22362     14851     15842     20044     11871  

   20164     25348     28263     26047     25117  

   8463     30     26059     11513     27269  

   831     49801     48431     25396     39199  

   10228     22016     42226     7349     7936  

   44720     37801     5211     42790     44784  

   6435     559     16097     37596     43963  

   41325     204     11326     1335     27072  

   43916     17799     21528     17956     1568  

   25215     1562     26761     33922     34893  

   13710     35797     35952     48580     10645  

   20482     15264     10657     39028     20037  

   43155     27898     20717     17803     29199  

   509     11809     41188     34145     18439  

   15533     5609     8873     7923     43633  

   38182     30226     23151     49472     21986  

   6403     21998     39225     5785     19603  

   33585     49352     33547     22370     19638  

   25952     48672     44637     48483     3722  

   13855     46074     39185     15859     26897  

   8575     31326     40032     47293     22919  

   15163     30489     25460     38031     30302  

   35916     14034     12780     28260     14651  

   2503     31189     400     36864     27959  

   15759     32022     31967     44047     899  

   11696     6080     42143     38302     49499  

   49614     16638     20925     16868     9627  

   10827     28864     5360     37076     22413  

   47452     6530     12977     18470     2542  

   31636     20604     33371     14571     37217  

   6549     13811     45048     46765     35959  

   33154     1377     43463     44068     22359  

   45622     35184     42427     12975     27813  

   21873     48185     27604     31705     29852  

   46772     29179     44087     5961     14050  

   5969     28962     22588     79     35970  

   23777     3654     3575     635     3669  

   2124     37337     21812     43919     44719  

   20278     3341     26572     13309     13151  

   43351     37675     36762     4120     13444  

   3280     25981     13294     25872     47829  

   30044     26556     44787     14153     17250  

   14348     41966     13131     4062     28936  

   30255     37715     20732     6383     49301  

   20092     12428     9255     12088     35489  

   7150     15476     2930     31267     44215  

   4659     46870     7907     39019     19132  

   39363     3392     10572     18275     12593  

   49354     29432     44973     39866     34963  

   32417     38094     6650     13779     42001  

   2813     1750     49780     21053     43009  

   11487     14486     33450     49669     26394  

   21853     24917     16089     48096     44884  

   4314     23017     6191     42276     26452  

   1430     24816     37062     11623     48546  

   2024     9442     49972     2544     31839  

   29090     25819     42477     46280     31428  

   35428     19629     30566     45596     34643  

   16708     29570     48712     12882     15007  

   29937     36905     11778     40005     18477  

   46399     43075     4374     25992     27204  

   34974     1788     17952     6600     49345  

   49074     15886     21823     2662     25770  

   36855     7974     46924     22627     12421  

   9592     7987     8947     37326     5664  

   16217     21110     13568     24047     20049  

   1506     7533     8063     11568     36160  

   45972     28209     42539     27606     25518  

   41712     34272     1052     26818     16907  

   24973     46777     18498     42071     851  

   22746     33173     49798     3309     44336  

   14332     2824     2783     38905     23573  

   37893     40712     44366     49786     18864  

   19832     34492     474     30284     26952  

   39966     27821     7385     43957     18079  

   37903     2870     44424     6981     36547  

   10709     46055     33977     7311     49915  

   22105     699     1805     44659     17323  

   42623     39196     10661     42136     29094  

   20423     17383     37477     18133     21142  

   16951     8797     35759     22444     20549  

   18463     48501     2098     40430     744  

   20163     38258     43437     22425     11550  

   19498     18785     38085     12486     48133  

   23673     14017     81     2626     16274  

   44792     31091     2682     44681     40798  

   30319     17378     36416     47494     33909  

   24758     39723     21115     29417     32034  

   3480     45792     47414     11321     34117  

   18447     27611     43684     7829     7866  

   14850     30607     33730     30239     36604  

   34772     38409     32818     38951     37605  

   27076     27448     27088     34347     5405  

   34240     26632     1265     20063     8322  

   39810     45624     25361     45566     5573  

   47175     11300     43567     28725     2207  

   6406     17556     32437     785     38008  

   32969     39381     27121     39037     10580  

   14104     30338     4478     13494     5558  

   25628     17201     23835     20541     44443  

   39707     1450     3847     21890     13831  

   48931     23551     15917     2148     2179  

   36600     42309     2968     39540     20519  

   40500     27864     41938     35508     22922  

   14091     17691     22139     45163     7772  

   46491     47357     25737     23922     20902  

   33657     39315     17324     39494     42766  

   9497     8869     20989     1090     22684  

   551     42877     12294     48098     2321  

   17102     28480     21984     24533     5701  

   18072     34608     22143     17977     13842  

   43304     44093     8596     21368     13750  

   41331     5709     25496     6357     28497  

   45935     7286     20196     30092     30647  

   16426     46183     3997     7485     1743  

   5647     6483     31593     32694     28679  

   27159     28838     29421     37397     29634  

   9760     40615     32863     31559     17156  

   41269     35251     48095     36029     4471  

   46207     2521     38446     19051     21280  

   23010     29115     4476     38568     14109  

   22103     42281     46729     15531     47901  

   21385     19724     23086     15217     34498  

   34495     14163     32173     42565     6468  

   5468     44645     2403     21246     619  

   2765     28855     16496     7360     12888  

   7294     1894     41762     32583     22903  

   26520     42779     27504     36608     40625  

   25978     15252     32295     28201     22230  

   45228     5996     46067     34393     4486  

   41496     28375     3291     37524     30726  

   12292     25273     31749     38806     29547  

   4796     29781     24407     2238     22812  

   12601     568     8828     12491     17644  

   45815     36583     41749     24366     2157  

   40461     47970     48680     47273     37328  

   35946     353     14691     23192     46015  

   32634     41381     16738     27431     9198  

   662     4502     32749     8509     1017  

   31630     48780     35756     34471     27865  

   7861     4039     1435     13109     1046  

   1925     15548     986     41410     4978  

   40390     32528     46093     27790     29698  

   23746     41053     6812     7339     23060  

   4266     25410     10313     23347     4682  

   29606     21941     34540     8548     15854  

   29855     6024     43622     49188     27276  

   13613     16341     7544     10918     39652  

   49698     34027     17100     13711     28916  

   31386     42232     45939     5875     23079  

   39280     24740     36927     28177     32757  

   27743     44019     48512     42980     21464  

   885     21305     14974     38193     34144  

   2914     40925     32864     4086     17694  

   13666     7817     2116     28347     40339  

   47919     34883     20887     19299     30805  

   8019     21952     25204     41033     41902  

   33615     8929     17143     40714     23969  

   47018     47534     33928     38925     38580  

   17968     14487     41164     35922     31961  

   11344     28922     6479     35729     16577  

   28043     12773     3269     45305     37799  

   21753     34952     34094     28763     1023  

   17352     45239     29567     2770     4242  

   36985     15025     10430     18145     8082  

   36876     33497     42084     17443     1050  

   7779     2312     25926     32768     19567  

   32018     20711     4417     3698     41591  

   16954     39336     36818     34785     9383  

   26463     23536     4874     11707     8937  

   19466     40212     30075     17097     10989  

   32582     43395     33026     33358     43767  

   40694     38838     2348     12917     16773  

   2594     19232     31716     7678     17769  

   21262     35848     33198     41826     32055  

   37957     14254     39422     40158     17546  

   5620     2260     18676     22948     943  

   41140     35092     29250     45022     24089  

   11670     4085     41465     16454     1648  

   48833     3554     15672     27296     47367  

   45501     47052     25729     39440     6184  

   5056     30399     8355     21969     48398  

   32087     26430     36100     34300     916  

   24274     18050     38708     6143     30866  

   47350     25576     11549     43153     31094  

   29187     4204     3718     14164     14504  

   41499     41601     23893     38480     29705  

   13060     10172     28259     15236     38924  

   19790     24280     6527     42694     12761  

   43853     28646     41073     27439     25738  

   48979     13675     3707     18202     45267  

   3039     27922     31677     49988     48184  

   2771     32688     38912     38235     15845  

   4104     33119     32627     28274     8185  

   3689     48140     32916     28561     7750  

   12596     31644     25686     16849     26158  

   43569     34900     5684     24051     1021  

   7958     48030     12076     29202     46436  

   27415     39022     24824     40137     7457  

   11110     48306     5735     12747     8490  

   30729     6825     1267     3096     49099  

   41357     2582     38630     9709     38385  

   10176     40123     13479     7018     10129  

   40541     46286     25999     3282     4257  

   44644     13627     1028     45374     25303  

   19287     13003     42755     39325     7840  

   45793     10586     25994     7596     18195  

   49449     3299     11808     11947     4572  

   15480     43905     19847     45655     14992  

   1901     42843     10692     39954     24608  

   33900     1738     24315     8441     18462  

   1316     47087     2120     29061     34890  

   47897     30152     30884     22540     41526  

   47190     24543     29673     5318     9112  

   48996     15819     31173     13228     20255  

   5431     29437     24239     30646     10959  

   786     17710     10999     25486     1215  

   46651     30130     33596     44256     29828  

   12085     19394     6354     11486     19386  

   41825     29695     45444     23618     38844  

   1226     43757     45835     42561     4330  

   49361     49950     4258     49279     24672  

   31442     40406     47398     17639     46290  

   36459     45878     46429     46100     43794  

   27021     39101     10603     43066     6938  

   43080     11520     49199     36833     42405  

   38690     38427     49458     46269     14496  

   34629     14647     37637     30879     31515  

   37055     14231     29556     43981     27325  

   25094     17366     19576     5260     44032  

   9342     49346     35999     33992     11327  

   20058     33724     5212     47411     42020  

   5952     6201     19779     42596     24119  

   11650     28509     41020     43787     41641  

   42560     38950     32484     19293     30563  

   1140     23772     41443     16434     44458  

   7066     45251     3180     44101     26904  

   46789     283     33802     8232     11109  

   49814     17541     19774     22868     5074  

   48039     8554     30720     28713     15739  

   36793     20242     27184     37700     7582  

   650     33417     47234     15130     14768  

   46613     22089     35093     37347     47007  

   38954     7621     37636     42998     9464  

   10589     16336     13727     22478     38129  

   13688     47039     10655     17831     17243  

   25008     10229     27270     26235     4891  

   28140     35477     1203     32616     15607  

   13102     8963     34108     20917     23225  

   4603     17619     33557     6777     20625  

   9030     25548     8297     11127     37001  

   21596     47022     10063     5374     43138  

   42472     40042     13577     25745     18904  

   5651     8507     2078     34759     40207  

   25105     3512     16743     41328     6349  

   39093     38438     26317     20904     28096  

   40284     31097     73     32308     8552  

   14976     7124     37327     34380     14664  

   20194     41387     18094     12306     41183  

   26622     31681     26067     40721     26009  

   30428     42522     33500     7399     432  

   35234     49133     9304     25076     337  

   4938     35203     40963     30661     21900  

   19332     44150     39262     3978     43909  

   20138     34576     47660     39282     35473  

   31815     46548     29009     32007     49923  

   396     4049     24905     33498     10885  

   6591     2432     29679     43873     26730  

   41245     44570     3564     44755     20797  

   4835     21486     40302     11027     22225  

   48843     3748     37394     47791     40291  

   34279     34534     2816     4327     25569  

   16853     4959     18196     22978     35182  

   45059     23193     18314     5669     38981  

   46378     25439     25580     46145     42756  

   8971     39313     3326     14236     9587  

   12843     40519     35016     32909     23252  

   29222     34428     45812     2996     9933  

   13290     46593     28785     41862     15479  

   13763     3890     41975     6418     38918  

   21936     4058     42823     38872     34265  

   27218     48999     18484     2821     18419  

   12361     31157     31045     26420     31222  

   6409     23076     6093     5519     14563  

   7820     22021     30790     42674     38139  

   38641     49475     29409     9345     12283  

   24178     19361     43903     36205     40103  

   45293     28906     15657     22026     4797  

   44432     2175     25244     9277     27066  

   36559     30741     5831     29774     24645  

   27608     49278     37638     41764     7931  

   5861     15167     30325     24203     29717  

   16117     40323     12675     26197     46266  

   10822     35004     18999     44573     28532  

   13908     39644     42582     29806     9502  

   20084     41539     20571     30257     44827  

   20068     34295     18625     38021     2947  

   19453     1170     30361     48177     42089  

   46535     12510     1924     3775     47033  

   34321     30820     17682     7594     49546  

   37614     30471     41048     38004     14408  

   6331     11080     38284     34043     1529  

   24094     48701     35026     28656     5216  

   6085     26561     41816     43448     22745  

   44715     42268     49971     30848     16611  

   6429     34450     5204     40449     23255  

   5310     40150     27511     49033     28002  

   27324     1120     16799     11217     38481  

   34775     35690     29237     10949     36672  

   38424     6786     30536     33404     18549  

   41546     11403     35181     45051     33485  

   44258     12015     30527     40903     30858  

   13445     19948     20069     48477     49092  

   9754     8616     9072     47462     6077  

   17636     29572     49793     37483     14143  

   15991     9705     41755     2789     31525  

   27546     9242     24117     2339     4512  

   20     26749     49107     12526     25078  

   176     12829     1595     25231     45843  

   27362     33645     27165     26426     6835  

   41941     4544     18085     42361     22384  

   32572     4292     22578     8580     40517  

   28257     49375     25482     35942     24312  

   26974     14832     25307     19542     49896  

   34384     3699     23282     35256     43051  

   37717     32949     15687     47835     41981  

   31079     41414     31849     22460     8572  

   43586     38719     48157     14516     2219  

   6917     17447     25339     17967     8438  

   42190     34273     45085     46803     29138  

   26147     10525     46987     291     24901  

   20874     14228     1328     21065     22539  

   3278     30776     18246     35075     19334  

   14668     23826     12507     6562     49632  

   25792     7724     8843     45388     17957  

   4497     15023     35171     33542     8703  

   34055     16498     43147     34800     40869  

   47548     40594     5862     17842     27954  

   32334     48171     31072     6816     33785  

   21195     47317     33     10902     36931  

   5675     17843     44581     30582     18096  

   18369     33927     10993     11118     2587  

   18726     27647     37000     16887     44855  

   17712     19902     32542     38619     22000  

   27642     24717     34835     35482     34701  

   8728     8845     41760     26518     1275  

   38788     27646     7526     31782     6639  

   29670     16233     2893     9423     9022  

   10577     21427     7785     25418     15926  

   44638     37589     22757     10635     43062  

   25186     22034     17288     30424     7279  

   41161     7928     15081     7138     36863  

   27515     27567     21443     43969     41610  

   46638     33882     21494     24941     15198  

   20863     47118     49553     22599     22955  

   27494     179     5440     31785     22679  

   42140     40107     10923     19765     6788  

   24486     9798     17613     15462     43352  

   3270     24167     38014     16612     3833  

   2366     35381     48386     31324     25935  

   33091     31375     44155     38618     1304  

   36206     7780     11460     20440     31369  

   30895     24675     13672     4678     43549  

   27380     39208     37059     1582     3548  

   30509     16531     36955     14985     43847  

   27342     19160     32203     41272     11976  

   17872     44649     40989     11830     27798  

   22871     996     13521     17661     38333  

   3810     47988     18147     6698     30997  

   47799     41892     19171     49529     22171  

   41865     23787     10823     35526     16650  

   29977     6384     24505     15834     6978  

   5494     40631     30976     34863     26419  

   23430     42182     668     6871     46675  

   14492     18689     19777     12032     12777  

   37039     1002     47344     37464     34066  

   39625     10606     23115     43068     5449  

   35073     17721     21862     27302     25238  

   30802     39302     41419     28165     8836  

   9788     31742     13175     41829     27117  

   34019     12818     14986     29984     33161  

   37544     32929     12188     15573     13186  

   26999     38354     15733     19980     22741  

   32979     14707     28420     46020     49082  

   46557     14303     28000     24861     31460  

   28153     16833     8388     19977     14474  

   24405     28     13293     8725     46321  

   37006     23968     15006     8654     36075  

   40763     2661     40566     48511     44266  

   41247     3266     17266     35627     33048  

   13375     2467     33937     46339     8459  

   35344     5335     40445     31038     1662  

   12266     25058     47258     35396     40799  

   14549     22674     31074     31844     12351  

   39543     35770     44984     42856     34491  

   42967     42853     31732     48616     30181  

   27505     9467     42072     29906     43650  

   22314     48274     25270     16657     12455  

   21269     29560     11190     18128     22317  

   32329     17948     49999     23407     27045  

   39931     37895     12393     25407     14754  

   20080     3379     16601     14404     45183  

   44350     31034     1034     7612     47174  

   23688     14888     7812     12592     31334  

   29035     31274     20126     20208     43545  

   40363     8770     6700     41349     32886  

   560     532     6128     9048     17464  

   37660     28265     29292     43312     41477  

   10283     47325     26245     45597     819  

   18994     14295     1126     38418     2847  

   4907     46867     10025     40880     44307  

   4802     34898     42926     18393     6056  

   22857     29622     20307     43882     16931  

   32459     38903     28390     26202     36337  

   36993     14479     8779     34178     25066  

   25712     35250     18297     31979     42149  

   16239     28237     38328     10689     18580  

   2872     47848     20498     26599     40281  

   29374     22652     20543     25764     18305  

   48437     25592     12295     38790     49478  

   38734     39176     6937     431     29647  

   42651     39767     49749     3348     24653  

   46628     33317     19840     15494     18598  

   41356     8498     401     12007     23842  

   15639     36245     46768     9697     11601  

   36067     41635     33796     29836     5443  

   27933     45439     8012     37805     32524  

   20345     10454     16794     23080     32717  

   34799     45879     22673     17643     20478  

   12047     8245     27936     39811     29376  

   44712     1622     16834     32910     47971  

   30987     29430     48104     3267     47241  

   46246     1752     47154     33740     26037  

   17264     45327     14738     34836     39570  

   6014     28110     45435     44007     41993  

   24295     2137     385     43047     2593  

   9632     16095     20821     25207     20093  

   47778     18343     23708     20647     29410  

   17115     34229     10502     15701     48076  

   17707     1982     27166     34382     38675  

   12509     27443     4703     156     11502  

   46468     27956     47628     29794     31756  

   30789     45442     1835     2792     8419  

   3232     26291     4061     29692     1387  

   29758     44507     22685     9473     25108  

   42921     49891     42068     47268     42914  

   997     10679     16054     16955     16734  

   23828     43833     39113     36295     39193  

   28512     29761     10841     44652     40782  

   29525     33286     48676     19755     10191  

   21590     30730     13776     29055     18375  

   43881     27212     27605     16613     49638  

   46762     6885     3409     22114     24925  

   26566     9020     27181     6142     15135  

   34200     35328     13540     32287     38325  

   14248     48117     21300     40715     25752  

   7602     34838     22618     567     48286  

   5949     31731     42655     41758     32146  

   16465     19249     8316     1136     13572  

   41891     13396     25618     17458     28932  

   5156     45855     24564     43550     37891  

   499     37791     7767     6394     46505  

   28143     24927     18116     33328     26349  

   17491     53     24995     6075     36895  

   40726     30294     1716     22699     47749  

   38154     9058     3898     17030     9802  

   23849     2202     15380     27872     29142  

   34322     12654     31682     8406     3659  

   14035     35162     48368     12573     20596  

   25136     35434     9031     14232     2573  

   27347     7     48271     10320     41144  

   522     5876     20410     30490     29882  

   24538     20318     665     45115     1931  

   22221     39668     22639     33316     29800  

   11319     9315     14731     2075     28732  

   42425     46865     7282     30365     39986  

   34015     49933     37408     11821     25749  

   37458     2469     20077     12050     23538  

   34328     46319     19096     23691     1904  

   16513     19574     2891     28835     47643  

   607     25955     41811     24850     29848  

   7635     1923     17991     24113     45887  

   37251     38397     36811     20800     41153  

   34277     25386     31208     37870     32681  

   43928     25509     11948     27423     40751  

   40572     41288     4698     21780     2164  

   10780     27916     12223     6892     14924  

   23182     44397     34615     40711     43343  

   3861     49242     16230     26900     43931  

   19437     47991     4241     47757     32476  

   49460     39323     35387     3007     42733  

   18889     30209     31431     10494     32517  

   39832     45233     2259     28686     34713  

   20004     6334     47912     9433     42142  

   19778     10636     12997     46057     12493  

   19993     5960     45497     8226     17808  

   1186     49494     22974     6608     48352  

   14967     3972     46702     20333     5392  

   4920     20585     9656     38383     20758  

   40702     17916     48457     49029     37478  

   8449     23844     7158     38341     43205  

   1508     47841     45229     48554     40522  

   41674     8079     891     13222     14993  

   40440     30093     33939     29263     45580  

   24649     11634     32646     8407     47086  

   23559     7094     7497     1223     28031  

   14357     39281     20770     16445     46138  

   7276     22628     21320     8326     16962  

   21223     25941     24163     46397     4003  

   26011     49747     13193     26281     34464  

   35386     35982     48729     13362     16280  

   22583     35674     41827     13491     45098  

   37956     31458     43747     46625     22816  

   4052     9177     22197     17086     28803  

   16967     18564     37860     6415     36556  

   30935     45840     24227     24682     40844  

   18806     47762     17820     44928     16183  

   4824     17979     3740     5040     39049  

   10460     11972     49914     7908     27683  

   27450     39030     21923     40496     15963  

   30711     41996     44567     25254     46780  

   39772     37784     47644     11293     24471  

   38069     25561     9131     29666     39213  

   11420     29337     17506     36392     15740  

   655     9766     2180     47682     28333  

   10598     28321     1947     29431     25259  

   4433     5614     4454     5167     48869  

   41735     43042     3545     3800     19041  

   33810     285     31846     39890     10520  

   14425     49269     21966     17965     43891  

   46053     38136     10145     45118     37289  

   8385     16287     48433     19828     2275  

   40993     48733     24266     13789     18013  

   6372     3685     45713     1985     26898  

   46990     7259     26271     36305     3319  

   49829     35118     27880     36705     38364  

   28036     34115     35579     14448     23305  

   34636     43100     40101     15888     20306  

   47271     18809     25702     22701     32107  

   26315     23286     15204     3614     35515  

   36689     1246     5410     49025     48376  

   49800     46283     5202     20558     10652  

   44623     49258     25465     45683     10988  

   24507     32669     34003     36217     49153  

   276     15262     9440     40767     36365  

   3759     17631     23403     14020     10064  

   36179     43753     15297     27090     1184  

   47091     14463     31301     26907     12093  

   636     47394     13144     32858     24523  

   41035     19519     24605     28515     41380  

   24878     11845     20539     29689     17747  

   603     16863     46815     20940     49193  

   4523     16933     17647     36829     13549  

   31237     42598     13740     39552     19372  

   3078     39110     4521     41232     10076  

   49325     14717     47492     22102     3388  

   9654     42460     39589     43177     29251  

   42725     31987     23594     49949     3583  

   6438     9364     32465     15421     22389  

   27106     21957     37745     39180     22763  

   13674     7613     12594     46297     944  

   25818     6002     35588     25925     48670  

   27678     3113     31917     29096     10553  

   2877     9381     17310     32519     42350  

   47849     43782     29298     37838     48124  

   23943     19529     47448     37677     14149  

   37804     18538     26044     48601     6994  

   31703     21326     32399     23198     42012  

   23338     40040     1477     1866     30658  

   11718     49589     15182     9108     26633  

   434     24831     49530     33587     21362  

   33346     13095     30449     5172     45268  

   31169     24114     8915     36477     38290  

   18871     25048     5626     46330     46771  

   49818     20597     3787     1158     44264  

   5138     9247     17914     3046     48769  

   9263     18300     44710     37710     10774  

   43749     11022     43784     3797     24937  

   35692     36893     11211     23555     25991  

   22192     49032     18599     10863     36310  

   40690     11201     5306     33345     14192  

   38472     28114     29843     21538     10700  

   7168     15872     47164     1461     41831  

   35818     44233     8671     4675     45636  

   45337     47280     14021     31809     42474  

   33076     15445     11649     35795     23097  

   3138     27747     36041     15826     35710  

   19106     48976     4379     13820     30886  

   31418     19994     17941     36747     39579  

   32479     44587     28733     2855     13398  

   49526     13433     24626     40639     17277  

   26728     28606     18203     21397     11052  

   2761     8158     8163     35163     17930  

   9737     16568     49320     6129     3418  

   23962     21013     2220     18637     25810  

   5940     26356     34736     1709     38073  

   14453     39510     19428     34956     25713  

   23445     47030     17615     35027     18417  

   24522     17545     31866     1027     46165  

   9517     49533     31695     10592     28578  

   4386     14688     41408     15515     16487  

   7758     44850     20854     26944     27326  

   23989     22124     3104     18725     17093  

   38982     28336     33503     42189     37475  

   23738     15616     5101     43467     18236  

   48719     18508     49582     36967     2638  

   8760     930     23822     18685     7685  

   41741     25191     32236     45806     8851  

   34378     26624     9921     31069     14733  

   7316     24076     27488     4532     49716  

   46488     3334     25944     32975     20703  

   7717     31821     24696     17304     23438  

   10723     17795     18372     1453     20038  

   32470     11875     18449     759     23038  

   47626     15465     25394     36597     32208  

   31889     39224     46851     42923     28600  

   10080     14893     18568     29783     13268  

   26699     28334     14518     17888     21327  

   45924     2884     11044     2378     11534  

   15779     13962     9882     14566     5283  

   32931     46142     3825     26054     30301  

   38650     4967     48382     39768     39903  

   11518     16837     9109     9346     47173  

   32161     1626     31368     5305     37418  

   10532     34619     40189     30373     38590  

   28277     34431     26242     16284     34650  

   3419     28862     32954     47524     37223  

   9892     37941     14759     3851     27266  

   9646     4612     20952     35834     25634  

   45461     37943     23548     28895     8789  

   4921     44732     5288     30898     18140  

   6806     34329     45930     14338     28947  

   47933     25454     42100     32779     18409  

   13188     23178     6022     33331     1454  

   41593     6515     14475     22231     40009  

   19363     6265     46876     39822     44650  

   27866     25012     47360     8000     45026  

   22676     29591     10622     10287     31319  

   35043     20840     21271     7959     18748  

   42784     10061     27391     31377     13417  

   3908     9848     1084     35392     24725  

   3731     37828     21250     4799     18697  

   41685     1672     10000     33279     29497  

   17139     7480     17606     38609     22159  

   9571     2646     5322     6147     37927  

   31873     40762     13373     1082     22909  

   25334     46367     10388     28769     6962  

   8014     46887     3346     39879     29131  

   36025     33368     40611     12640     536  

   21832     12898     29306     37999     37057  

   11379     34091     47378     22930     42187  

   27918     24950     3147     13129     3115  

   5967     21924     14996     12807     43476  

   47557     48828     26499     3377     6350  

   13153     16908     39518     24559     23694  

   33729     35039     44972     46384     1281  

   14866     28489     13955     47819     28426  

   28949     14636     17405     30479     37293  

   30324     43447     22724     39132     16936  

   45113     17203     6721     37871     42941  

   30932     7932     37607     23039     30617  

   48019     1415     25420     43295     37552  

   14307     31774     36945     4329     36283  

   37823     22228     25245     43824     15181  

   8367     33634     28146     19561     30600  

   1641     30195     5743     36733     36484  

   25360     35499     22283     12947     17026  

   45714     14727     13121     26784     18535  

   2736     17760     29636     45734     34550  

   32382     43329     10110     26364     8210  

   7626     621     45987     11797     43353  

   11902     17947     10995     34579     49100  

   15642     27585     29769     18472     15436  

   16792     36825     36110     34033     29749  

   41068     10227     25466     35300     39670  

   40960     16397     35677     41779     32238  

   41493     45208     1898     38206     17063  

   40438     29586     20972     4332     18606  

   394     44180     37547     7285     27219  

   43465     34183     26867     3884     44210  

   2088     1277     33101     4578     29740  

   25165     42558     31539     30082     5561  

   9134     177     8561     21388     7728  

   20522     42321     22552     38222     47918  

   24592     46550     47904     12655     11895  

   22399     43728     17316     42003     28547  

   23972     28202     39550     8448     14175  

   1361     10029     27938     43165     47922  

   9560     5     44748     36612     18544  

   6006     49862     27084     46877     26409  

   20055     36753     17204     13012     37571  

   17497     5049     9062     12597     37503  

   13694     46435     49437     40753     45669  

   25398     41680     15876     40820     38264  

   22821     40424     30401     48988     22504  

   8334     45303     12193     25793     23524  

   14345     14771     46578     33043     31470  

   26217     23588     47470     44053     9165  

   32841     30032     23417     14972     43094  

   1905     7571     618     31230     23851  

   4553     20812     45986     15758     12847  

   49076     27318     48288     19547     22807  

   45829     28280     37641     25310     14365  

   16061     19256     28557     47684     30623  

   15440     15275     20377     6228     47214  

   34493     4024     633     36983     49750  

   43330     41566     33548     48194     32644  

   11804     18058     18242     24724     6832  

   46825     42499     31768     8393     28303  

   39744     13561     29423     20689     23116  

   10330     23584     33176     45464     32010  

   9619     22832     20828     25194     22333  

   2163     19065     25984     44225     37853  

   12131     19743     11677     45278     9875  

   25575     20622     27478     39052     23632  

   3446     17723     15386     36899     38151  

   1331     31092     1271     29741     11338  

   13428     14895     34685     32158     14822  

   41391     27018     43752     48228     18055  

   31171     11332     7954     656     44385  

   23028     46905     33726     34092     45697  

   18361     28897     45970     19454     36757  

   48563     30418     48484     17315     23328  

   38860     31447     33366     35453     7733  

   10296     5710     41655     31136     49691  

   42088     15987     12492     49177     22164  

   21791     25932     42504     44306     7328  

   11252     11071     9354     35164     30492  

   5999     10184     31482     14112     5641  

   28275     16772     31004     22415     24743  

   43277     8179     28223     42729     10159  

   32065     5164     22656     4283     26264  

   14773     49142     42860     9658     143  

   46539     49881     6941     35917     34103  

   14086     10137     3304     7447     6935  

   25408     3026     8518     28388     13760  

   26777     22345     28084     2414     546  

   31285     23837     26221     4337     28754  

   27396     20378     24202     28525     46532  

   33905     32467     16672     21942     26515  

   48822     21332     46750     23964     5613  

   35393     45775     28364     44944     7001  

   32662     11433     39545     3679     47374  

   21131     25146     37960     40274     36774  

   2215     10321     46700     49191     7716  

   13897     30865     31912     11711     47469  

   23136     21182     7283     31804     34280  

   11017     20892     45066     18513     27101  

   23857     31361     13792     43339     19612  

   45430     6589     1276     47875     23817  

   31048     47780     47196     38986     20745  

   30412     43568     3364     3461     14682  

   22931     16156     19758     5942     23771  

   39876     33464     27955     13506     8750  

   9024     35430     5516     5765     22662  

   14784     39796     20446     35539     46296  

   36731     200     5033     830     28629  

   39423     613     25138     24441     47813  

   20700     33624     16600     38389     2774  

   17212     47935     1287     10971     40754  

   27162     1941     16979     18283     45187  

   8144     26092     8755     48620     46208  

   9434     20357     38685     43178     39398  

   42718     44585     9795     38540     21716  

   17484     15215     34681     25162     38955  

   16025     21148     37044     22742     13431  

   37852     8426     20628     43933     30214  

   29241     45413     7108     11188     6218  

   41805     2669     35790     25433     19990  

   32349     44578     10170     7039     19621  

   26116     20500     45993     6257     4686  

   22728     39839     1451     2134     18991  

   28802     29272     42813     25241     39021  

   19511     47748     39647     23624     23620  

   38659     19829     25478     2034     43280  

   40045     9273     49214     13393     8295  

   16791     48884     12243     41667     46113  

   25132     10531     38750     27759     4604  

   6920     48038     12637     23130     14931  

   31033     48149     38578     9413     34354  

   36970     46928     35681     41788     8479  

   14835     20766     32946     45355     24393  

   20886     7255     9995     32438     9567  

   1366     5055     21441     47797     38667  

   16353     33725     4985     14767     9975  

   23846     22369     20753     38817     35284  

   45372     31633     26057     39524     5570  

   21129     47794     18465     25866     15309  

   36536     5853     12850     36361     22831  

   16038     34639     14451     6393     15019  

   13207     9090     27456     3518     11560  

   43223     15127     12254     36930     35853  

   48823     469     2920     5843     3561  

   24030     7529     24513     41160     10958  

   49297     46007     43531     37566     36152  

   11397     34827     47517     49686     6779  

   26552     7057     805     10251     39187  

   31104     47230     34308     39012     31489  

   3203     3057     36950     42026     47008  

   25253     24735     23061     47021     26640  

   15248     14655     20030     29710     7126  

   36587     46251     35432     16257     10429  

   41029     36158     23395     11579     5520  

   26510     4099     19322     37226     49037  

   39909     36942     45359     77     18368  

   11582     38192     44579     37692     41783  

   34251     38913     8372     5037     22771  

   15671     37111     19055     26535     31586  

   2329     27540     18909     38320     33243  

   42272     24895     24988     24670     41009  

   37771     29842     14099     13859     38170  

   2145     11993     86     7162     7776  

   40975     25552     769     30166     20643  

   6011     8055     16915     10699     11600  

   24520     16728     7417     23041     17919  

   35789     1944     18095     12075     33532  

   1501     13255     16721     36783     20000  

   17067     7705     14622     29726     46846  

   16410     48492     45768     8960     14157  

   40893     23532     11135     32791     13520  

   30080     18772     40484     24308     6493  

   30595     28988     557     49597     6277  

   17408     20034     34731     17005     33022  

   39348     35528     19728     36364     18600  

   14162     41839     24130     30833     4669  

   10755     26343     18491     45357     33482  

   19082     4378     31824     2189     15321  

   28693     9284     16756     13799     24235  

   19423     26659     27830     43298     48842  

   40099     36478     69     33224     26031  

   44485     35702     22990     35898     30652  

   22960     9126     4203     8128     10382  

   3410     28137     4567     28934     17718  

   47985     21731     39347     32592     13143  

   45254     25376     36061     39519     43344  

   37042     31387     18180     2720     37794  

   6365     9013     11014     40043     45342  

   12680     6050     40215     30937     17940  

   23945     9927     34699     14558     18352  

   21244     40770     30591     30963     30754  

   1610     17346     47495     41168     49984  

   10465     21413     46268     49943     24123  

   38664     384     33392     18265     26573  

   48686     35827     6152     39788     39005  

   12911     35676     42791     19991     29084  

   5035     47327     12154     8531     19137  

   34054     1137     22972     10069     15193  

   21296     5125     47944     39228     33150  

   3162     16575     12649     25882     42737  

   46131     43599     32391     36915     1981  

   11366     27794     46805     14618     32622  

   24894     17375     1834     11517     31165  

   3605     13595     19697     28476     15751  

   4148     8289     30313     21273     26250  

   17700     10020     27539     43800     16961  

   28439     9368     16684     14662     26657  

   30687     18605     18071     34815     39561  

   31082     26963     43379     43414     3142  

   31342     13376     26482     41013     15972  

   14064     22612     14280     18497     20694  

   19477     1416     39470     31598     41246  

   16139     32403     49534     269     43558  

   12304     1165     34635     41931     33254  

   44419     1767     2931     1141     8017  

   42045     12700     738     11484     28116  

   4940     28474     2691     24776     14076  

   12137     17681     10026     43740     18891  

   31314     35491     29686     30714     36553  

   12100     38780     42330     25448     29313  

   9237     29522     34381     23550     12695  

   27593     28982     23489     33989     13528  

   28083     17863     4069     44521     37629  

   26851     13182     2308     29834     20664  

   41274     29445     47712     47150     35170  

   11000     22802     12092     14746     1574  

   21760     37937     30717     764     4926  

   23498     43196     48012     1847     4201  

   20642     27260     32829     15824     22111  

   2113     25188     971     16712     33840  

   14340     9127     43691     30028     30585  

   23267     35635     46537     18985     36040  

   33860     38906     44338     29943     21536  

   46872     444     43836     41360     3701  

   46318     46570     2748     13426     26941  

   33363     25415     32786     4449     11712  

   25659     6454     43769     36332     8756  

   35604     48285     46587     45781     14230  

   26536     3708     25610     33924     9182  

   34809     15970     29098     12410     41727  

   43471     8405     2621     10245     41061  

   5291     21046     14718     24014     20990  

   12631     25541     990     41970     33382  

   195     41374     11227     32222     24326  

   17145     31510     10668     35582     1538  

   27960     29573     17153     2360     35353  

   36653     16420     14743     34443     41609  

   513     8042     38155     19903     877  

   42367     4413     30470     30698     870  

   25143     36504     7007     14826     35316  

   48891     17492     44985     37880     22412  

   49083     23971     18448     40645     46241  

   47890     26922     20396     20449     4592  

   49222     37215     22635     23154     3263  

   21463     876     35321     49123     26752  

   27909     32323     10326     29891     10562  

   123     28602     47662     6237     44758  

   9805     46071     47584     46724     29671  

   35030     47560     30970     24286     29675  

   31486     37470     30343     21348     49179  

   13451     10881     7647     20239     40368  

   22052     27703     40305     37262     40528  

   16856     39533     26252     46344     33434  

   15874     34373     13690     18562     2394  

   33727     26989     33021     27434     2069  

   47366     28243     27327     44040     33793  

   41115     15580     23785     10250     12558  

   9264     7689     16817     4481     48743  

   40587     28351     4937     10952     35147  

   9196     15088     38059     6869     43887  

   4077     22033     2388     42785     12785  

   20209     41149     40148     21949     23796  

   2683     4324     28101     5672     46658  

   3662     35036     19375     7422     27970  

   19767     47876     44116     49116     8530  

   18583     32374     30613     8157     12123  

   17553     40717     23919     415     45419  

   30626     5065     22942     16825     33814  

   27974     44278     49169     43543     13276  

   28977     518     5113     48808     35887 